4 0.55761719 0.56750000 0.01953125 0.01700000
4 0.76367188 0.68300000 0.02734375 0.02000000
4 0.99121094 0.69550000 0.01367188 0.01700000
3 0.75976562 0.90300000 0.01367188 0.02000000
3 0.70556641 0.85400000 0.01660156 0.02200000
3 0.72460938 0.76950000 0.02148438 0.01900000
3 0.75878906 0.73800000 0.01757812 0.01600000
3 0.75683594 0.95900000 0.01367188 0.01400000
3 0.48339844 0.91250000 0.01562500 0.01500000
3 0.53906250 0.92500000 0.01953125 0.01400000
3 0.48876953 0.96150000 0.01660156 0.01300000
3 0.74462891 0.61300000 0.01855469 0.01600000
3 0.74462891 0.57200000 0.01660156 0.01800000
3 0.90087891 0.51200000 0.01855469 0.01600000
3 0.60644531 0.38600000 0.01953125 0.01600000
3 0.48046875 0.20100000 0.02343750 0.01400000
3 0.68652344 0.24650000 0.01367188 0.01500000
3 0.76513672 0.42400000 0.02246094 0.01200000
3 0.71191406 0.48450000 0.01562500 0.01300000
3 0.77587891 0.49400000 0.01464844 0.01400000
3 0.71777344 0.39750000 0.00976562 0.01500000
3 0.68505859 0.15100000 0.01855469 0.01400000
3 0.63964844 0.03700000 0.01562500 0.01800000
