4 0.55761719 0.43250000 0.01953125 0.01700000
4 0.76367188 0.31700000 0.02734375 0.02000000
4 0.99121094 0.30450000 0.01367188 0.01700000
3 0.75976562 0.09700000 0.01367188 0.02000000
3 0.70556641 0.14600000 0.01660156 0.02200000
3 0.72460938 0.23050000 0.02148438 0.01900000
3 0.75878906 0.26200000 0.01757812 0.01600000
3 0.75683594 0.04100000 0.01367188 0.01400000
3 0.48339844 0.08750000 0.01562500 0.01500000
3 0.53906250 0.07500000 0.01953125 0.01400000
3 0.48876953 0.03850000 0.01660156 0.01300000
3 0.74462891 0.38700000 0.01855469 0.01600000
3 0.74462891 0.42800000 0.01660156 0.01800000
3 0.90087891 0.48800000 0.01855469 0.01600000
3 0.60644531 0.61400000 0.01953125 0.01600000
3 0.48046875 0.79900000 0.02343750 0.01400000
3 0.68652344 0.75350000 0.01367188 0.01500000
3 0.76513672 0.57600000 0.02246094 0.01200000
3 0.71191406 0.51550000 0.01562500 0.01300000
3 0.77587891 0.50600000 0.01464844 0.01400000
3 0.71777344 0.60250000 0.00976562 0.01500000
3 0.68505859 0.84900000 0.01855469 0.01400000
3 0.63964844 0.96300000 0.01562500 0.01800000
