4 0.44238281 0.56750000 0.01953125 0.01700000
4 0.23632812 0.68300000 0.02734375 0.02000000
4 0.00878906 0.69550000 0.01367188 0.01700000
3 0.24023438 0.90300000 0.01367188 0.02000000
3 0.29443359 0.85400000 0.01660156 0.02200000
3 0.27539062 0.76950000 0.02148438 0.01900000
3 0.24121094 0.73800000 0.01757812 0.01600000
3 0.24316406 0.95900000 0.01367188 0.01400000
3 0.51660156 0.91250000 0.01562500 0.01500000
3 0.46093750 0.92500000 0.01953125 0.01400000
3 0.51123047 0.96150000 0.01660156 0.01300000
3 0.25537109 0.61300000 0.01855469 0.01600000
3 0.25537109 0.57200000 0.01660156 0.01800000
3 0.09912109 0.51200000 0.01855469 0.01600000
3 0.39355469 0.38600000 0.01953125 0.01600000
3 0.51953125 0.20100000 0.02343750 0.01400000
3 0.31347656 0.24650000 0.01367188 0.01500000
3 0.23486328 0.42400000 0.02246094 0.01200000
3 0.28808594 0.48450000 0.01562500 0.01300000
3 0.22412109 0.49400000 0.01464844 0.01400000
3 0.28222656 0.39750000 0.00976562 0.01500000
3 0.31494141 0.15100000 0.01855469 0.01400000
3 0.36035156 0.03700000 0.01562500 0.01800000
