4 0.15700000 0.09277344 0.02400000 0.02734375
4 0.78900000 0.84326172 0.02800000 0.02636719
4 0.94200000 0.84960938 0.02000000 0.01953125
4 0.91550000 0.89453125 0.02100000 0.02148438
4 0.68100000 0.76660156 0.02200000 0.02343750
4 0.49800000 0.02832031 0.02200000 0.02148438
4 0.34950000 0.72900391 0.03700000 0.03613281
4 0.17700000 0.97558594 0.02400000 0.02343750
4 0.19250000 0.68066406 0.02100000 0.01757812
3 0.50450000 0.09716797 0.02900000 0.02441406
3 0.75200000 0.51855469 0.02200000 0.01757812
3 0.98250000 0.64941406 0.02500000 0.02343750
3 0.24600000 0.50732422 0.01800000 0.02441406
4 0.09850000 0.85546875 0.01900000 0.01757812
4 0.02650000 0.90576172 0.01900000 0.02246094
3 0.01600000 0.72216797 0.02200000 0.02832031
3 0.02550000 0.94140625 0.01500000 0.01953125
3 0.01050000 0.92822266 0.01300000 0.01269531
