4 0.90722656 0.15700000 0.02734375 0.02400000
4 0.15673828 0.78900000 0.02636719 0.02800000
4 0.15039062 0.94200000 0.01953125 0.02000000
4 0.10546875 0.91550000 0.02148438 0.02100000
4 0.23339844 0.68100000 0.02343750 0.02200000
4 0.97167969 0.49800000 0.02148438 0.02200000
4 0.27099609 0.34950000 0.03613281 0.03700000
4 0.02441406 0.17700000 0.02343750 0.02400000
4 0.31933594 0.19250000 0.01757812 0.02100000
3 0.90283203 0.50450000 0.02441406 0.02900000
3 0.48144531 0.75200000 0.01757812 0.02200000
3 0.35058594 0.98250000 0.02343750 0.02500000
3 0.49267578 0.24600000 0.02441406 0.01800000
4 0.14453125 0.09850000 0.01757812 0.01900000
4 0.09423828 0.02650000 0.02246094 0.01900000
3 0.27783203 0.01600000 0.02832031 0.02200000
3 0.05859375 0.02550000 0.01953125 0.01500000
3 0.07177734 0.01050000 0.01269531 0.01300000
