4 0.43250000 0.44238281 0.01700000 0.01953125
4 0.31700000 0.23632812 0.02000000 0.02734375
4 0.30450000 0.00878906 0.01700000 0.01367188
3 0.09700000 0.24023438 0.02000000 0.01367188
3 0.14600000 0.29443359 0.02200000 0.01660156
3 0.23050000 0.27539062 0.01900000 0.02148438
3 0.26200000 0.24121094 0.01600000 0.01757812
3 0.04100000 0.24316406 0.01400000 0.01367188
3 0.08750000 0.51660156 0.01500000 0.01562500
3 0.07500000 0.46093750 0.01400000 0.01953125
3 0.03850000 0.51123047 0.01300000 0.01660156
3 0.38700000 0.25537109 0.01600000 0.01855469
3 0.42800000 0.25537109 0.01800000 0.01660156
3 0.48800000 0.09912109 0.01600000 0.01855469
3 0.61400000 0.39355469 0.01600000 0.01953125
3 0.79900000 0.51953125 0.01400000 0.02343750
3 0.75350000 0.31347656 0.01500000 0.01367188
3 0.57600000 0.23486328 0.01200000 0.02246094
3 0.51550000 0.28808594 0.01300000 0.01562500
3 0.50600000 0.22412109 0.01400000 0.01464844
3 0.60250000 0.28222656 0.01500000 0.00976562
3 0.84900000 0.31494141 0.01400000 0.01855469
3 0.96300000 0.36035156 0.01800000 0.01562500
