4 0.84300000 0.90722656 0.02400000 0.02734375
4 0.21100000 0.15673828 0.02800000 0.02636719
4 0.05800000 0.15039062 0.02000000 0.01953125
4 0.08450000 0.10546875 0.02100000 0.02148438
4 0.31900000 0.23339844 0.02200000 0.02343750
4 0.50200000 0.97167969 0.02200000 0.02148438
4 0.65050000 0.27099609 0.03700000 0.03613281
4 0.82300000 0.02441406 0.02400000 0.02343750
4 0.80750000 0.31933594 0.02100000 0.01757812
3 0.49550000 0.90283203 0.02900000 0.02441406
3 0.24800000 0.48144531 0.02200000 0.01757812
3 0.01750000 0.35058594 0.02500000 0.02343750
3 0.75400000 0.49267578 0.01800000 0.02441406
4 0.90150000 0.14453125 0.01900000 0.01757812
4 0.97350000 0.09423828 0.01900000 0.02246094
3 0.98400000 0.27783203 0.02200000 0.02832031
3 0.97450000 0.05859375 0.01500000 0.01953125
3 0.98950000 0.07177734 0.01300000 0.01269531
