4 0.39700000 0.07421875 0.02000000 0.02929688
4 0.87200000 0.60449219 0.02200000 0.02539062
4 0.85050000 0.86621094 0.01900000 0.01757812
4 0.57250000 0.75195312 0.01700000 0.01953125
3 0.90450000 0.83984375 0.01700000 0.01757812
3 0.85300000 0.70800781 0.01800000 0.01757812
3 0.78800000 0.82324219 0.01400000 0.01562500
3 0.67400000 0.67333984 0.01200000 0.01269531
3 0.33850000 0.74072266 0.02300000 0.01660156
3 0.11600000 0.63769531 0.01800000 0.01171875
3 0.06250000 0.61572266 0.01700000 0.01464844
3 0.87650000 0.99023438 0.01300000 0.01562500
3 0.66250000 0.80517578 0.01300000 0.01660156
