4 0.07421875 0.39700000 0.02929688 0.02000000
4 0.60449219 0.87200000 0.02539062 0.02200000
4 0.86621094 0.85050000 0.01757812 0.01900000
4 0.75195312 0.57250000 0.01953125 0.01700000
3 0.83984375 0.90450000 0.01757812 0.01700000
3 0.70800781 0.85300000 0.01757812 0.01800000
3 0.82324219 0.78800000 0.01562500 0.01400000
3 0.67333984 0.67400000 0.01269531 0.01200000
3 0.74072266 0.33850000 0.01660156 0.02300000
3 0.63769531 0.11600000 0.01171875 0.01800000
3 0.61572266 0.06250000 0.01464844 0.01700000
3 0.99023438 0.87650000 0.01562500 0.01300000
3 0.80517578 0.66250000 0.01660156 0.01300000
