4 0.92578125 0.39700000 0.02929688 0.02000000
4 0.39550781 0.87200000 0.02539062 0.02200000
4 0.13378906 0.85050000 0.01757812 0.01900000
4 0.24804688 0.57250000 0.01953125 0.01700000
3 0.16015625 0.90450000 0.01757812 0.01700000
3 0.29199219 0.85300000 0.01757812 0.01800000
3 0.17675781 0.78800000 0.01562500 0.01400000
3 0.32666016 0.67400000 0.01269531 0.01200000
3 0.25927734 0.33850000 0.01660156 0.02300000
3 0.36230469 0.11600000 0.01171875 0.01800000
3 0.38427734 0.06250000 0.01464844 0.01700000
3 0.00976562 0.87650000 0.01562500 0.01300000
3 0.19482422 0.66250000 0.01660156 0.01300000
