4 0.60300000 0.92578125 0.02000000 0.02929688
4 0.12800000 0.39550781 0.02200000 0.02539062
4 0.14950000 0.13378906 0.01900000 0.01757812
4 0.42750000 0.24804688 0.01700000 0.01953125
3 0.09550000 0.16015625 0.01700000 0.01757812
3 0.14700000 0.29199219 0.01800000 0.01757812
3 0.21200000 0.17675781 0.01400000 0.01562500
3 0.32600000 0.32666016 0.01200000 0.01269531
3 0.66150000 0.25927734 0.02300000 0.01660156
3 0.88400000 0.36230469 0.01800000 0.01171875
3 0.93750000 0.38427734 0.01700000 0.01464844
3 0.12350000 0.00976562 0.01300000 0.01562500
3 0.33750000 0.19482422 0.01300000 0.01660156
