4 0.21972656 0.07700000 0.03710938 0.03800000
4 0.75878906 0.44650000 0.04101562 0.02500000
4 0.48583984 0.63150000 0.02246094 0.02100000
3 0.71240234 0.83850000 0.01855469 0.01700000
3 0.37011719 0.71550000 0.01953125 0.01900000
3 0.27880859 0.70200000 0.01855469 0.01400000
3 0.15917969 0.69650000 0.01367188 0.01500000
3 0.13232422 0.54050000 0.01074219 0.01300000
3 0.12207031 0.10050000 0.01757812 0.01700000
3 0.09765625 0.16500000 0.00976562 0.01400000
3 0.50927734 0.14900000 0.01464844 0.01600000
3 0.41406250 0.15150000 0.01562500 0.01500000
3 0.74267578 0.14350000 0.01855469 0.01700000
3 0.94042969 0.08450000 0.01562500 0.01700000
3 0.76757812 0.04000000 0.01562500 0.01400000
3 0.81738281 0.14600000 0.01367188 0.01000000
4 0.04248047 0.57750000 0.01855469 0.02100000
4 0.98876953 0.64500000 0.02050781 0.01600000
4 0.77636719 0.50900000 0.01757812 0.02000000
3 0.94628906 0.54750000 0.01757812 0.01700000
3 0.88574219 0.60250000 0.02343750 0.01700000
3 0.94384766 0.83100000 0.01464844 0.01800000
3 0.88378906 0.94050000 0.01562500 0.01900000
3 0.51806641 0.83050000 0.01269531 0.01700000
3 0.72607422 0.56450000 0.01660156 0.01700000
3 0.68652344 0.60900000 0.01171875 0.01600000
3 0.71630859 0.42550000 0.01464844 0.01900000
3 0.41796875 0.37500000 0.01562500 0.01800000
3 0.60205078 0.30700000 0.01855469 0.02400000
3 0.29394531 0.24250000 0.01757812 0.01900000
3 0.63720703 0.48100000 0.01660156 0.01600000
3 0.53466797 0.48500000 0.02246094 0.02000000
3 0.47998047 0.37600000 0.02246094 0.01400000
3 0.45068359 0.86600000 0.01855469 0.02000000
3 0.10742188 0.95000000 0.01367188 0.01600000
3 0.39648438 0.90650000 0.01171875 0.01500000
3 0.14306641 0.99100000 0.01269531 0.01200000
3 0.04492188 0.47800000 0.01562500 0.01400000
3 0.73730469 0.27550000 0.01953125 0.01300000
3 0.69970703 0.30950000 0.01660156 0.01700000
3 0.35449219 0.65650000 0.01953125 0.01700000
3 0.61376953 0.93700000 0.02050781 0.02200000
