4 0.78027344 0.92300000 0.03710938 0.03800000
4 0.24121094 0.55350000 0.04101562 0.02500000
4 0.51416016 0.36850000 0.02246094 0.02100000
3 0.28759766 0.16150000 0.01855469 0.01700000
3 0.62988281 0.28450000 0.01953125 0.01900000
3 0.72119141 0.29800000 0.01855469 0.01400000
3 0.84082031 0.30350000 0.01367188 0.01500000
3 0.86767578 0.45950000 0.01074219 0.01300000
3 0.87792969 0.89950000 0.01757812 0.01700000
3 0.90234375 0.83500000 0.00976562 0.01400000
3 0.49072266 0.85100000 0.01464844 0.01600000
3 0.58593750 0.84850000 0.01562500 0.01500000
3 0.25732422 0.85650000 0.01855469 0.01700000
3 0.05957031 0.91550000 0.01562500 0.01700000
3 0.23242188 0.96000000 0.01562500 0.01400000
3 0.18261719 0.85400000 0.01367188 0.01000000
4 0.95751953 0.42250000 0.01855469 0.02100000
4 0.01123047 0.35500000 0.02050781 0.01600000
4 0.22363281 0.49100000 0.01757812 0.02000000
3 0.05371094 0.45250000 0.01757812 0.01700000
3 0.11425781 0.39750000 0.02343750 0.01700000
3 0.05615234 0.16900000 0.01464844 0.01800000
3 0.11621094 0.05950000 0.01562500 0.01900000
3 0.48193359 0.16950000 0.01269531 0.01700000
3 0.27392578 0.43550000 0.01660156 0.01700000
3 0.31347656 0.39100000 0.01171875 0.01600000
3 0.28369141 0.57450000 0.01464844 0.01900000
3 0.58203125 0.62500000 0.01562500 0.01800000
3 0.39794922 0.69300000 0.01855469 0.02400000
3 0.70605469 0.75750000 0.01757812 0.01900000
3 0.36279297 0.51900000 0.01660156 0.01600000
3 0.46533203 0.51500000 0.02246094 0.02000000
3 0.52001953 0.62400000 0.02246094 0.01400000
3 0.54931641 0.13400000 0.01855469 0.02000000
3 0.89257812 0.05000000 0.01367188 0.01600000
3 0.60351562 0.09350000 0.01171875 0.01500000
3 0.85693359 0.00900000 0.01269531 0.01200000
3 0.95507812 0.52200000 0.01562500 0.01400000
3 0.26269531 0.72450000 0.01953125 0.01300000
3 0.30029297 0.69050000 0.01660156 0.01700000
3 0.64550781 0.34350000 0.01953125 0.01700000
3 0.38623047 0.06300000 0.02050781 0.02200000
