4 0.78027344 0.07700000 0.03710938 0.03800000
4 0.24121094 0.44650000 0.04101562 0.02500000
4 0.51416016 0.63150000 0.02246094 0.02100000
3 0.28759766 0.83850000 0.01855469 0.01700000
3 0.62988281 0.71550000 0.01953125 0.01900000
3 0.72119141 0.70200000 0.01855469 0.01400000
3 0.84082031 0.69650000 0.01367188 0.01500000
3 0.86767578 0.54050000 0.01074219 0.01300000
3 0.87792969 0.10050000 0.01757812 0.01700000
3 0.90234375 0.16500000 0.00976562 0.01400000
3 0.49072266 0.14900000 0.01464844 0.01600000
3 0.58593750 0.15150000 0.01562500 0.01500000
3 0.25732422 0.14350000 0.01855469 0.01700000
3 0.05957031 0.08450000 0.01562500 0.01700000
3 0.23242188 0.04000000 0.01562500 0.01400000
3 0.18261719 0.14600000 0.01367188 0.01000000
4 0.95751953 0.57750000 0.01855469 0.02100000
4 0.01123047 0.64500000 0.02050781 0.01600000
4 0.22363281 0.50900000 0.01757812 0.02000000
3 0.05371094 0.54750000 0.01757812 0.01700000
3 0.11425781 0.60250000 0.02343750 0.01700000
3 0.05615234 0.83100000 0.01464844 0.01800000
3 0.11621094 0.94050000 0.01562500 0.01900000
3 0.48193359 0.83050000 0.01269531 0.01700000
3 0.27392578 0.56450000 0.01660156 0.01700000
3 0.31347656 0.60900000 0.01171875 0.01600000
3 0.28369141 0.42550000 0.01464844 0.01900000
3 0.58203125 0.37500000 0.01562500 0.01800000
3 0.39794922 0.30700000 0.01855469 0.02400000
3 0.70605469 0.24250000 0.01757812 0.01900000
3 0.36279297 0.48100000 0.01660156 0.01600000
3 0.46533203 0.48500000 0.02246094 0.02000000
3 0.52001953 0.37600000 0.02246094 0.01400000
3 0.54931641 0.86600000 0.01855469 0.02000000
3 0.89257812 0.95000000 0.01367188 0.01600000
3 0.60351562 0.90650000 0.01171875 0.01500000
3 0.85693359 0.99100000 0.01269531 0.01200000
3 0.95507812 0.47800000 0.01562500 0.01400000
3 0.26269531 0.27550000 0.01953125 0.01300000
3 0.30029297 0.30950000 0.01660156 0.01700000
3 0.64550781 0.65650000 0.01953125 0.01700000
3 0.38623047 0.93700000 0.02050781 0.02200000
