4 0.27246094 0.42650000 0.08203125 0.05900000
4 0.60888672 0.73800000 0.03808594 0.03600000
4 0.64746094 0.73700000 0.01757812 0.02000000
4 0.43945312 0.72900000 0.01757812 0.02200000
3 0.28955078 0.50600000 0.02050781 0.02600000
4 0.04980469 0.51700000 0.01953125 0.02200000
4 0.97363281 0.50000000 0.02343750 0.02000000
4 0.89306641 0.60700000 0.01074219 0.01200000
3 0.89599609 0.61850000 0.01269531 0.00700000
3 0.86767578 0.64800000 0.01855469 0.01200000
3 0.62988281 0.87450000 0.01562500 0.01900000
3 0.39355469 0.93850000 0.02539062 0.02300000
3 0.20361328 0.65900000 0.02050781 0.02000000
3 0.09228516 0.66050000 0.01855469 0.01500000
3 0.88281250 0.87900000 0.01953125 0.01800000
3 0.89160156 0.49900000 0.01367188 0.01400000
3 0.82714844 0.55150000 0.02539062 0.02300000
3 0.71044922 0.57900000 0.02246094 0.01800000
3 0.49755859 0.66700000 0.01660156 0.01800000
3 0.60253906 0.61650000 0.01953125 0.01900000
3 0.15185547 0.97750000 0.02636719 0.02100000
4 0.94335938 0.04250000 0.03320312 0.02300000
4 0.85400391 0.26500000 0.01855469 0.02000000
3 0.84765625 0.24950000 0.01367188 0.00900000
3 0.69384766 0.23000000 0.01464844 0.01800000
3 0.53613281 0.36850000 0.02343750 0.02300000
3 0.44677734 0.15450000 0.02246094 0.01900000
3 0.27343750 0.19500000 0.02343750 0.02000000
3 0.01123047 0.58000000 0.01660156 0.02400000
3 0.03662109 0.25300000 0.01855469 0.02800000
3 0.05859375 0.14500000 0.01757812 0.01600000
