4 0.72753906 0.57350000 0.08203125 0.05900000
4 0.39111328 0.26200000 0.03808594 0.03600000
4 0.35253906 0.26300000 0.01757812 0.02000000
4 0.56054688 0.27100000 0.01757812 0.02200000
3 0.71044922 0.49400000 0.02050781 0.02600000
4 0.95019531 0.48300000 0.01953125 0.02200000
4 0.02636719 0.50000000 0.02343750 0.02000000
4 0.10693359 0.39300000 0.01074219 0.01200000
3 0.10400391 0.38150000 0.01269531 0.00700000
3 0.13232422 0.35200000 0.01855469 0.01200000
3 0.37011719 0.12550000 0.01562500 0.01900000
3 0.60644531 0.06150000 0.02539062 0.02300000
3 0.79638672 0.34100000 0.02050781 0.02000000
3 0.90771484 0.33950000 0.01855469 0.01500000
3 0.11718750 0.12100000 0.01953125 0.01800000
3 0.10839844 0.50100000 0.01367188 0.01400000
3 0.17285156 0.44850000 0.02539062 0.02300000
3 0.28955078 0.42100000 0.02246094 0.01800000
3 0.50244141 0.33300000 0.01660156 0.01800000
3 0.39746094 0.38350000 0.01953125 0.01900000
3 0.84814453 0.02250000 0.02636719 0.02100000
4 0.05664062 0.95750000 0.03320312 0.02300000
4 0.14599609 0.73500000 0.01855469 0.02000000
3 0.15234375 0.75050000 0.01367188 0.00900000
3 0.30615234 0.77000000 0.01464844 0.01800000
3 0.46386719 0.63150000 0.02343750 0.02300000
3 0.55322266 0.84550000 0.02246094 0.01900000
3 0.72656250 0.80500000 0.02343750 0.02000000
3 0.98876953 0.42000000 0.01660156 0.02400000
3 0.96337891 0.74700000 0.01855469 0.02800000
3 0.94140625 0.85500000 0.01757812 0.01600000
