4 0.42650000 0.72753906 0.05900000 0.08203125
4 0.73800000 0.39111328 0.03600000 0.03808594
4 0.73700000 0.35253906 0.02000000 0.01757812
4 0.72900000 0.56054688 0.02200000 0.01757812
3 0.50600000 0.71044922 0.02600000 0.02050781
4 0.51700000 0.95019531 0.02200000 0.01953125
4 0.50000000 0.02636719 0.02000000 0.02343750
4 0.60700000 0.10693359 0.01200000 0.01074219
3 0.61850000 0.10400391 0.00700000 0.01269531
3 0.64800000 0.13232422 0.01200000 0.01855469
3 0.87450000 0.37011719 0.01900000 0.01562500
3 0.93850000 0.60644531 0.02300000 0.02539062
3 0.65900000 0.79638672 0.02000000 0.02050781
3 0.66050000 0.90771484 0.01500000 0.01855469
3 0.87900000 0.11718750 0.01800000 0.01953125
3 0.49900000 0.10839844 0.01400000 0.01367188
3 0.55150000 0.17285156 0.02300000 0.02539062
3 0.57900000 0.28955078 0.01800000 0.02246094
3 0.66700000 0.50244141 0.01800000 0.01660156
3 0.61650000 0.39746094 0.01900000 0.01953125
3 0.97750000 0.84814453 0.02100000 0.02636719
4 0.04250000 0.05664062 0.02300000 0.03320312
4 0.26500000 0.14599609 0.02000000 0.01855469
3 0.24950000 0.15234375 0.00900000 0.01367188
3 0.23000000 0.30615234 0.01800000 0.01464844
3 0.36850000 0.46386719 0.02300000 0.02343750
3 0.15450000 0.55322266 0.01900000 0.02246094
3 0.19500000 0.72656250 0.02000000 0.02343750
3 0.58000000 0.98876953 0.02400000 0.01660156
3 0.25300000 0.96337891 0.02800000 0.01855469
3 0.14500000 0.94140625 0.01600000 0.01757812
