4 0.27246094 0.57350000 0.08203125 0.05900000
4 0.60888672 0.26200000 0.03808594 0.03600000
4 0.64746094 0.26300000 0.01757812 0.02000000
4 0.43945312 0.27100000 0.01757812 0.02200000
3 0.28955078 0.49400000 0.02050781 0.02600000
4 0.04980469 0.48300000 0.01953125 0.02200000
4 0.97363281 0.50000000 0.02343750 0.02000000
4 0.89306641 0.39300000 0.01074219 0.01200000
3 0.89599609 0.38150000 0.01269531 0.00700000
3 0.86767578 0.35200000 0.01855469 0.01200000
3 0.62988281 0.12550000 0.01562500 0.01900000
3 0.39355469 0.06150000 0.02539062 0.02300000
3 0.20361328 0.34100000 0.02050781 0.02000000
3 0.09228516 0.33950000 0.01855469 0.01500000
3 0.88281250 0.12100000 0.01953125 0.01800000
3 0.89160156 0.50100000 0.01367188 0.01400000
3 0.82714844 0.44850000 0.02539062 0.02300000
3 0.71044922 0.42100000 0.02246094 0.01800000
3 0.49755859 0.33300000 0.01660156 0.01800000
3 0.60253906 0.38350000 0.01953125 0.01900000
3 0.15185547 0.02250000 0.02636719 0.02100000
4 0.94335938 0.95750000 0.03320312 0.02300000
4 0.85400391 0.73500000 0.01855469 0.02000000
3 0.84765625 0.75050000 0.01367188 0.00900000
3 0.69384766 0.77000000 0.01464844 0.01800000
3 0.53613281 0.63150000 0.02343750 0.02300000
3 0.44677734 0.84550000 0.02246094 0.01900000
3 0.27343750 0.80500000 0.02343750 0.02000000
3 0.01123047 0.42000000 0.01660156 0.02400000
3 0.03662109 0.74700000 0.01855469 0.02800000
3 0.05859375 0.85500000 0.01757812 0.01600000
