4 0.89013672 0.93650000 0.01855469 0.01900000
4 0.97021484 0.98200000 0.02050781 0.02000000
4 0.87988281 0.96450000 0.01757812 0.01700000
4 0.56933594 0.94900000 0.01757812 0.01800000
3 0.60546875 0.90650000 0.01953125 0.02500000
4 0.97949219 0.69700000 0.02343750 0.01800000
4 0.94482422 0.54600000 0.02050781 0.02200000
3 0.85644531 0.72450000 0.01757812 0.01700000
4 0.20019531 0.76900000 0.01953125 0.02000000
4 0.63671875 0.24850000 0.01953125 0.01700000
4 0.97949219 0.23500000 0.02148438 0.02200000
3 0.97363281 0.32150000 0.01953125 0.01900000
3 0.55761719 0.58650000 0.01757812 0.01900000
3 0.68847656 0.55600000 0.01953125 0.02000000
3 0.69677734 0.49250000 0.02246094 0.02100000
3 0.43750000 0.16450000 0.01757812 0.02100000
4 0.17089844 0.08950000 0.01757812 0.01900000
3 0.14208984 0.14350000 0.02246094 0.02100000
3 0.25878906 0.01100000 0.02148438 0.01800000
3 0.68994141 0.86950000 0.01855469 0.02100000
3 0.31591797 0.92700000 0.02246094 0.01400000
3 0.10009766 0.88500000 0.02441406 0.02800000
3 0.11328125 0.76350000 0.01562500 0.01900000
3 0.04150391 0.72400000 0.02050781 0.01600000
3 0.10107422 0.65000000 0.01660156 0.01800000
3 0.15820312 0.43400000 0.02148438 0.02000000
3 0.03662109 0.40650000 0.02636719 0.02700000
4 0.00878906 0.58850000 0.01367188 0.01900000
3 0.35644531 0.52200000 0.01953125 0.02000000
3 0.33984375 0.73650000 0.02148438 0.02500000
3 0.87988281 0.33150000 0.01757812 0.01500000
3 0.84619141 0.25150000 0.02246094 0.01700000
