4 0.64500000 0.23486328 0.03200000 0.03613281
4 0.60350000 0.85498047 0.02100000 0.02441406
4 0.60050000 0.65478516 0.01900000 0.02246094
4 0.62200000 0.50097656 0.02400000 0.02343750
3 0.62600000 0.48144531 0.01600000 0.01757812
4 0.45650000 0.02343750 0.02900000 0.02343750
3 0.28850000 0.31054688 0.01500000 0.01757812
3 0.81450000 0.15576172 0.02100000 0.02050781
3 0.84200000 0.12402344 0.01800000 0.01953125
3 0.83500000 0.21386719 0.01800000 0.01953125
3 0.77950000 0.08544922 0.01900000 0.01855469
3 0.78250000 0.13818359 0.01900000 0.02441406
3 0.54750000 0.71875000 0.02100000 0.02343750
4 0.43650000 0.93066406 0.02300000 0.02929688
3 0.64800000 0.95166016 0.02400000 0.02050781
3 0.78900000 0.47851562 0.01600000 0.01953125
3 0.87550000 0.64550781 0.02100000 0.01757812
4 0.97050000 0.81347656 0.02500000 0.02734375
4 0.98950000 0.89648438 0.01900000 0.01757812
3 0.23450000 0.23144531 0.02100000 0.01757812
3 0.07450000 0.62158203 0.01900000 0.01660156
3 0.07650000 0.44775391 0.01700000 0.02050781
3 0.04450000 0.13281250 0.01700000 0.01562500
3 0.25100000 0.15380859 0.01800000 0.01660156
3 0.05950000 0.40966797 0.01700000 0.01855469
3 0.05250000 0.23291016 0.01500000 0.01464844
