4 0.89013672 0.06350000 0.01855469 0.01900000
4 0.97021484 0.01800000 0.02050781 0.02000000
4 0.87988281 0.03550000 0.01757812 0.01700000
4 0.56933594 0.05100000 0.01757812 0.01800000
3 0.60546875 0.09350000 0.01953125 0.02500000
4 0.97949219 0.30300000 0.02343750 0.01800000
4 0.94482422 0.45400000 0.02050781 0.02200000
3 0.85644531 0.27550000 0.01757812 0.01700000
4 0.20019531 0.23100000 0.01953125 0.02000000
4 0.63671875 0.75150000 0.01953125 0.01700000
4 0.97949219 0.76500000 0.02148438 0.02200000
3 0.97363281 0.67850000 0.01953125 0.01900000
3 0.55761719 0.41350000 0.01757812 0.01900000
3 0.68847656 0.44400000 0.01953125 0.02000000
3 0.69677734 0.50750000 0.02246094 0.02100000
3 0.43750000 0.83550000 0.01757812 0.02100000
4 0.17089844 0.91050000 0.01757812 0.01900000
3 0.14208984 0.85650000 0.02246094 0.02100000
3 0.25878906 0.98900000 0.02148438 0.01800000
3 0.68994141 0.13050000 0.01855469 0.02100000
3 0.31591797 0.07300000 0.02246094 0.01400000
3 0.10009766 0.11500000 0.02441406 0.02800000
3 0.11328125 0.23650000 0.01562500 0.01900000
3 0.04150391 0.27600000 0.02050781 0.01600000
3 0.10107422 0.35000000 0.01660156 0.01800000
3 0.15820312 0.56600000 0.02148438 0.02000000
3 0.03662109 0.59350000 0.02636719 0.02700000
4 0.00878906 0.41150000 0.01367188 0.01900000
3 0.35644531 0.47800000 0.01953125 0.02000000
3 0.33984375 0.26350000 0.02148438 0.02500000
3 0.87988281 0.66850000 0.01757812 0.01500000
3 0.84619141 0.74850000 0.02246094 0.01700000
