4 0.61425781 0.88400000 0.05664062 0.04400000
4 0.90869141 0.75550000 0.03027344 0.03100000
4 0.76708984 0.20500000 0.01855469 0.01800000
3 0.81445312 0.25150000 0.01757812 0.02500000
3 0.22412109 0.33950000 0.01855469 0.02100000
4 0.41748047 0.82150000 0.01660156 0.02100000
4 0.49121094 0.84450000 0.02734375 0.02700000
4 0.74462891 0.93800000 0.01855469 0.01800000
3 0.82128906 0.88700000 0.01953125 0.02200000
3 0.83837891 0.74750000 0.02050781 0.02100000
3 0.94238281 0.90600000 0.02148438 0.02200000
3 0.72802734 0.44900000 0.02832031 0.02600000
3 0.62939453 0.35750000 0.02441406 0.02100000
3 0.75000000 0.31150000 0.01757812 0.01700000
3 0.67431641 0.43600000 0.01660156 0.02000000
3 0.56884766 0.62600000 0.01855469 0.01800000
3 0.56738281 0.73150000 0.01757812 0.01700000
3 0.16357422 0.86800000 0.02050781 0.01800000
3 0.00830078 0.73050000 0.01660156 0.01500000
3 0.11376953 0.33250000 0.01660156 0.01900000
3 0.05371094 0.39750000 0.01953125 0.01700000
3 0.34033203 0.34400000 0.01269531 0.01200000
3 0.33837891 0.35450000 0.01269531 0.01100000
3 0.35693359 0.39950000 0.01464844 0.01300000
3 0.35546875 0.41750000 0.01562500 0.01500000
3 0.32812500 0.79750000 0.01562500 0.01500000
3 0.15234375 0.74900000 0.01367188 0.01600000
3 0.16259766 0.79400000 0.01855469 0.02000000
