4 0.76513672 0.64500000 0.03613281 0.03200000
4 0.14501953 0.60350000 0.02441406 0.02100000
4 0.34521484 0.60050000 0.02246094 0.01900000
4 0.49902344 0.62200000 0.02343750 0.02400000
3 0.51855469 0.62600000 0.01757812 0.01600000
4 0.97656250 0.45650000 0.02343750 0.02900000
3 0.68945312 0.28850000 0.01757812 0.01500000
3 0.84423828 0.81450000 0.02050781 0.02100000
3 0.87597656 0.84200000 0.01953125 0.01800000
3 0.78613281 0.83500000 0.01953125 0.01800000
3 0.91455078 0.77950000 0.01855469 0.01900000
3 0.86181641 0.78250000 0.02441406 0.01900000
3 0.28125000 0.54750000 0.02343750 0.02100000
4 0.06933594 0.43650000 0.02929688 0.02300000
3 0.04833984 0.64800000 0.02050781 0.02400000
3 0.52148438 0.78900000 0.01953125 0.01600000
3 0.35449219 0.87550000 0.01757812 0.02100000
4 0.18652344 0.97050000 0.02734375 0.02500000
4 0.10351562 0.98950000 0.01757812 0.01900000
3 0.76855469 0.23450000 0.01757812 0.02100000
3 0.37841797 0.07450000 0.01660156 0.01900000
3 0.55224609 0.07650000 0.02050781 0.01700000
3 0.86718750 0.04450000 0.01562500 0.01700000
3 0.84619141 0.25100000 0.01660156 0.01800000
3 0.59033203 0.05950000 0.01855469 0.01700000
3 0.76708984 0.05250000 0.01464844 0.01500000
