4 0.57350000 0.27246094 0.05900000 0.08203125
4 0.26200000 0.60888672 0.03600000 0.03808594
4 0.26300000 0.64746094 0.02000000 0.01757812
4 0.27100000 0.43945312 0.02200000 0.01757812
3 0.49400000 0.28955078 0.02600000 0.02050781
4 0.48300000 0.04980469 0.02200000 0.01953125
4 0.50000000 0.97363281 0.02000000 0.02343750
4 0.39300000 0.89306641 0.01200000 0.01074219
3 0.38150000 0.89599609 0.00700000 0.01269531
3 0.35200000 0.86767578 0.01200000 0.01855469
3 0.12550000 0.62988281 0.01900000 0.01562500
3 0.06150000 0.39355469 0.02300000 0.02539062
3 0.34100000 0.20361328 0.02000000 0.02050781
3 0.33950000 0.09228516 0.01500000 0.01855469
3 0.12100000 0.88281250 0.01800000 0.01953125
3 0.50100000 0.89160156 0.01400000 0.01367188
3 0.44850000 0.82714844 0.02300000 0.02539062
3 0.42100000 0.71044922 0.01800000 0.02246094
3 0.33300000 0.49755859 0.01800000 0.01660156
3 0.38350000 0.60253906 0.01900000 0.01953125
3 0.02250000 0.15185547 0.02100000 0.02636719
4 0.95750000 0.94335938 0.02300000 0.03320312
4 0.73500000 0.85400391 0.02000000 0.01855469
3 0.75050000 0.84765625 0.00900000 0.01367188
3 0.77000000 0.69384766 0.01800000 0.01464844
3 0.63150000 0.53613281 0.02300000 0.02343750
3 0.84550000 0.44677734 0.01900000 0.02246094
3 0.80500000 0.27343750 0.02000000 0.02343750
3 0.42000000 0.01123047 0.02400000 0.01660156
3 0.74700000 0.03662109 0.02800000 0.01855469
3 0.85500000 0.05859375 0.01600000 0.01757812
