4 0.93650000 0.10986328 0.01900000 0.01855469
4 0.98200000 0.02978516 0.02000000 0.02050781
4 0.96450000 0.12011719 0.01700000 0.01757812
4 0.94900000 0.43066406 0.01800000 0.01757812
3 0.90650000 0.39453125 0.02500000 0.01953125
4 0.69700000 0.02050781 0.01800000 0.02343750
4 0.54600000 0.05517578 0.02200000 0.02050781
3 0.72450000 0.14355469 0.01700000 0.01757812
4 0.76900000 0.79980469 0.02000000 0.01953125
4 0.24850000 0.36328125 0.01700000 0.01953125
4 0.23500000 0.02050781 0.02200000 0.02148438
3 0.32150000 0.02636719 0.01900000 0.01953125
3 0.58650000 0.44238281 0.01900000 0.01757812
3 0.55600000 0.31152344 0.02000000 0.01953125
3 0.49250000 0.30322266 0.02100000 0.02246094
3 0.16450000 0.56250000 0.02100000 0.01757812
4 0.08950000 0.82910156 0.01900000 0.01757812
3 0.14350000 0.85791016 0.02100000 0.02246094
3 0.01100000 0.74121094 0.01800000 0.02148438
3 0.86950000 0.31005859 0.02100000 0.01855469
3 0.92700000 0.68408203 0.01400000 0.02246094
3 0.88500000 0.89990234 0.02800000 0.02441406
3 0.76350000 0.88671875 0.01900000 0.01562500
3 0.72400000 0.95849609 0.01600000 0.02050781
3 0.65000000 0.89892578 0.01800000 0.01660156
3 0.43400000 0.84179688 0.02000000 0.02148438
3 0.40650000 0.96337891 0.02700000 0.02636719
4 0.58850000 0.99121094 0.01900000 0.01367188
3 0.52200000 0.64355469 0.02000000 0.01953125
3 0.73650000 0.66015625 0.02500000 0.02148438
3 0.33150000 0.12011719 0.01500000 0.01757812
3 0.25150000 0.15380859 0.01700000 0.02246094
