4 0.13330078 0.42900000 0.02832031 0.02400000
4 0.04199219 0.27600000 0.01953125 0.02200000
4 0.80224609 0.32250000 0.02246094 0.01700000
4 0.35791016 0.65100000 0.02246094 0.02000000
4 0.48632812 0.68850000 0.01757812 0.01700000
3 0.54882812 0.17050000 0.02343750 0.01900000
3 0.65917969 0.13850000 0.01757812 0.01500000
3 0.46679688 0.16250000 0.01757812 0.01500000
3 0.43261719 0.11250000 0.01953125 0.02100000
3 0.65966797 0.10250000 0.02050781 0.01700000
4 0.77832031 0.76250000 0.01757812 0.01700000
3 0.75195312 0.82550000 0.02148438 0.01700000
3 0.96972656 0.77650000 0.01953125 0.02100000
3 0.34765625 0.94350000 0.02148438 0.01700000
3 0.56396484 0.97850000 0.02050781 0.01700000
3 0.47021484 0.96200000 0.02441406 0.01600000
3 0.98046875 0.97800000 0.01562500 0.01400000
3 0.93408203 0.96100000 0.01855469 0.01400000
3 0.13037109 0.95300000 0.02246094 0.01600000
3 0.18505859 0.40900000 0.01464844 0.01800000
3 0.12451172 0.63450000 0.02050781 0.02300000
3 0.48339844 0.91150000 0.01757812 0.01500000
3 0.84570312 0.25050000 0.02343750 0.02100000
3 0.46533203 0.52700000 0.02050781 0.01800000
3 0.42529297 0.56800000 0.02246094 0.02200000
3 0.56298828 0.50550000 0.02050781 0.01500000
