4 0.15869141 0.47700000 0.01855469 0.02200000
4 0.07080078 0.70900000 0.01855469 0.01800000
4 0.72753906 0.44200000 0.01953125 0.02000000
4 0.90527344 0.43850000 0.01757812 0.01900000
4 0.80859375 0.97900000 0.02148438 0.02800000
4 0.51464844 0.94300000 0.01953125 0.01600000
4 0.37353516 0.51650000 0.02246094 0.02100000
4 0.08154297 0.23900000 0.02050781 0.01800000
3 0.14257812 0.58050000 0.02343750 0.02300000
3 0.20263672 0.83200000 0.02246094 0.02200000
3 0.19824219 0.88300000 0.01757812 0.01600000
3 0.45556641 0.98300000 0.02246094 0.02400000
3 0.76318359 0.97800000 0.01660156 0.01800000
3 0.19775391 0.59950000 0.01269531 0.01500000
3 0.43017578 0.64100000 0.01660156 0.01800000
3 0.45019531 0.53600000 0.01757812 0.01800000
3 0.78710938 0.12850000 0.01757812 0.02300000
3 0.52783203 0.53600000 0.01660156 0.02000000
3 0.62158203 0.48700000 0.01660156 0.01600000
3 0.64550781 0.51050000 0.01757812 0.01700000
3 0.97656250 0.46050000 0.01953125 0.01700000
3 0.97314453 0.88200000 0.01660156 0.01600000
3 0.94482422 0.73750000 0.01464844 0.01900000
3 0.57958984 0.58650000 0.01855469 0.02300000
