4 0.38574219 0.88400000 0.05664062 0.04400000
4 0.09130859 0.75550000 0.03027344 0.03100000
4 0.23291016 0.20500000 0.01855469 0.01800000
3 0.18554688 0.25150000 0.01757812 0.02500000
3 0.77587891 0.33950000 0.01855469 0.02100000
4 0.58251953 0.82150000 0.01660156 0.02100000
4 0.50878906 0.84450000 0.02734375 0.02700000
4 0.25537109 0.93800000 0.01855469 0.01800000
3 0.17871094 0.88700000 0.01953125 0.02200000
3 0.16162109 0.74750000 0.02050781 0.02100000
3 0.05761719 0.90600000 0.02148438 0.02200000
3 0.27197266 0.44900000 0.02832031 0.02600000
3 0.37060547 0.35750000 0.02441406 0.02100000
3 0.25000000 0.31150000 0.01757812 0.01700000
3 0.32568359 0.43600000 0.01660156 0.02000000
3 0.43115234 0.62600000 0.01855469 0.01800000
3 0.43261719 0.73150000 0.01757812 0.01700000
3 0.83642578 0.86800000 0.02050781 0.01800000
3 0.99169922 0.73050000 0.01660156 0.01500000
3 0.88623047 0.33250000 0.01660156 0.01900000
3 0.94628906 0.39750000 0.01953125 0.01700000
3 0.65966797 0.34400000 0.01269531 0.01200000
3 0.66162109 0.35450000 0.01269531 0.01100000
3 0.64306641 0.39950000 0.01464844 0.01300000
3 0.64453125 0.41750000 0.01562500 0.01500000
3 0.67187500 0.79750000 0.01562500 0.01500000
3 0.84765625 0.74900000 0.01367188 0.01600000
3 0.83740234 0.79400000 0.01855469 0.02000000
