4 0.23486328 0.64500000 0.03613281 0.03200000
4 0.85498047 0.60350000 0.02441406 0.02100000
4 0.65478516 0.60050000 0.02246094 0.01900000
4 0.50097656 0.62200000 0.02343750 0.02400000
3 0.48144531 0.62600000 0.01757812 0.01600000
4 0.02343750 0.45650000 0.02343750 0.02900000
3 0.31054688 0.28850000 0.01757812 0.01500000
3 0.15576172 0.81450000 0.02050781 0.02100000
3 0.12402344 0.84200000 0.01953125 0.01800000
3 0.21386719 0.83500000 0.01953125 0.01800000
3 0.08544922 0.77950000 0.01855469 0.01900000
3 0.13818359 0.78250000 0.02441406 0.01900000
3 0.71875000 0.54750000 0.02343750 0.02100000
4 0.93066406 0.43650000 0.02929688 0.02300000
3 0.95166016 0.64800000 0.02050781 0.02400000
3 0.47851562 0.78900000 0.01953125 0.01600000
3 0.64550781 0.87550000 0.01757812 0.02100000
4 0.81347656 0.97050000 0.02734375 0.02500000
4 0.89648438 0.98950000 0.01757812 0.01900000
3 0.23144531 0.23450000 0.01757812 0.02100000
3 0.62158203 0.07450000 0.01660156 0.01900000
3 0.44775391 0.07650000 0.02050781 0.01700000
3 0.13281250 0.04450000 0.01562500 0.01700000
3 0.15380859 0.25100000 0.01660156 0.01800000
3 0.40966797 0.05950000 0.01855469 0.01700000
3 0.23291016 0.05250000 0.01464844 0.01500000
