4 0.88400000 0.38574219 0.04400000 0.05664062
4 0.75550000 0.09130859 0.03100000 0.03027344
4 0.20500000 0.23291016 0.01800000 0.01855469
3 0.25150000 0.18554688 0.02500000 0.01757812
3 0.33950000 0.77587891 0.02100000 0.01855469
4 0.82150000 0.58251953 0.02100000 0.01660156
4 0.84450000 0.50878906 0.02700000 0.02734375
4 0.93800000 0.25537109 0.01800000 0.01855469
3 0.88700000 0.17871094 0.02200000 0.01953125
3 0.74750000 0.16162109 0.02100000 0.02050781
3 0.90600000 0.05761719 0.02200000 0.02148438
3 0.44900000 0.27197266 0.02600000 0.02832031
3 0.35750000 0.37060547 0.02100000 0.02441406
3 0.31150000 0.25000000 0.01700000 0.01757812
3 0.43600000 0.32568359 0.02000000 0.01660156
3 0.62600000 0.43115234 0.01800000 0.01855469
3 0.73150000 0.43261719 0.01700000 0.01757812
3 0.86800000 0.83642578 0.01800000 0.02050781
3 0.73050000 0.99169922 0.01500000 0.01660156
3 0.33250000 0.88623047 0.01900000 0.01660156
3 0.39750000 0.94628906 0.01700000 0.01953125
3 0.34400000 0.65966797 0.01200000 0.01269531
3 0.35450000 0.66162109 0.01100000 0.01269531
3 0.39950000 0.64306641 0.01300000 0.01464844
3 0.41750000 0.64453125 0.01500000 0.01562500
3 0.79750000 0.67187500 0.01500000 0.01562500
3 0.74900000 0.84765625 0.01600000 0.01367188
3 0.79400000 0.83740234 0.02000000 0.01855469
