4 0.10986328 0.93650000 0.01855469 0.01900000
4 0.02978516 0.98200000 0.02050781 0.02000000
4 0.12011719 0.96450000 0.01757812 0.01700000
4 0.43066406 0.94900000 0.01757812 0.01800000
3 0.39453125 0.90650000 0.01953125 0.02500000
4 0.02050781 0.69700000 0.02343750 0.01800000
4 0.05517578 0.54600000 0.02050781 0.02200000
3 0.14355469 0.72450000 0.01757812 0.01700000
4 0.79980469 0.76900000 0.01953125 0.02000000
4 0.36328125 0.24850000 0.01953125 0.01700000
4 0.02050781 0.23500000 0.02148438 0.02200000
3 0.02636719 0.32150000 0.01953125 0.01900000
3 0.44238281 0.58650000 0.01757812 0.01900000
3 0.31152344 0.55600000 0.01953125 0.02000000
3 0.30322266 0.49250000 0.02246094 0.02100000
3 0.56250000 0.16450000 0.01757812 0.02100000
4 0.82910156 0.08950000 0.01757812 0.01900000
3 0.85791016 0.14350000 0.02246094 0.02100000
3 0.74121094 0.01100000 0.02148438 0.01800000
3 0.31005859 0.86950000 0.01855469 0.02100000
3 0.68408203 0.92700000 0.02246094 0.01400000
3 0.89990234 0.88500000 0.02441406 0.02800000
3 0.88671875 0.76350000 0.01562500 0.01900000
3 0.95849609 0.72400000 0.02050781 0.01600000
3 0.89892578 0.65000000 0.01660156 0.01800000
3 0.84179688 0.43400000 0.02148438 0.02000000
3 0.96337891 0.40650000 0.02636719 0.02700000
4 0.99121094 0.58850000 0.01367188 0.01900000
3 0.64355469 0.52200000 0.01953125 0.02000000
3 0.66015625 0.73650000 0.02148438 0.02500000
3 0.12011719 0.33150000 0.01757812 0.01500000
3 0.15380859 0.25150000 0.02246094 0.01700000
