4 0.23486328 0.35500000 0.03613281 0.03200000
4 0.85498047 0.39650000 0.02441406 0.02100000
4 0.65478516 0.39950000 0.02246094 0.01900000
4 0.50097656 0.37800000 0.02343750 0.02400000
3 0.48144531 0.37400000 0.01757812 0.01600000
4 0.02343750 0.54350000 0.02343750 0.02900000
3 0.31054688 0.71150000 0.01757812 0.01500000
3 0.15576172 0.18550000 0.02050781 0.02100000
3 0.12402344 0.15800000 0.01953125 0.01800000
3 0.21386719 0.16500000 0.01953125 0.01800000
3 0.08544922 0.22050000 0.01855469 0.01900000
3 0.13818359 0.21750000 0.02441406 0.01900000
3 0.71875000 0.45250000 0.02343750 0.02100000
4 0.93066406 0.56350000 0.02929688 0.02300000
3 0.95166016 0.35200000 0.02050781 0.02400000
3 0.47851562 0.21100000 0.01953125 0.01600000
3 0.64550781 0.12450000 0.01757812 0.02100000
4 0.81347656 0.02950000 0.02734375 0.02500000
4 0.89648438 0.01050000 0.01757812 0.01900000
3 0.23144531 0.76550000 0.01757812 0.02100000
3 0.62158203 0.92550000 0.01660156 0.01900000
3 0.44775391 0.92350000 0.02050781 0.01700000
3 0.13281250 0.95550000 0.01562500 0.01700000
3 0.15380859 0.74900000 0.01660156 0.01800000
3 0.40966797 0.94050000 0.01855469 0.01700000
3 0.23291016 0.94750000 0.01464844 0.01500000
