4 0.84130859 0.52300000 0.01855469 0.02200000
4 0.92919922 0.29100000 0.01855469 0.01800000
4 0.27246094 0.55800000 0.01953125 0.02000000
4 0.09472656 0.56150000 0.01757812 0.01900000
4 0.19140625 0.02100000 0.02148438 0.02800000
4 0.48535156 0.05700000 0.01953125 0.01600000
4 0.62646484 0.48350000 0.02246094 0.02100000
4 0.91845703 0.76100000 0.02050781 0.01800000
3 0.85742188 0.41950000 0.02343750 0.02300000
3 0.79736328 0.16800000 0.02246094 0.02200000
3 0.80175781 0.11700000 0.01757812 0.01600000
3 0.54443359 0.01700000 0.02246094 0.02400000
3 0.23681641 0.02200000 0.01660156 0.01800000
3 0.80224609 0.40050000 0.01269531 0.01500000
3 0.56982422 0.35900000 0.01660156 0.01800000
3 0.54980469 0.46400000 0.01757812 0.01800000
3 0.21289062 0.87150000 0.01757812 0.02300000
3 0.47216797 0.46400000 0.01660156 0.02000000
3 0.37841797 0.51300000 0.01660156 0.01600000
3 0.35449219 0.48950000 0.01757812 0.01700000
3 0.02343750 0.53950000 0.01953125 0.01700000
3 0.02685547 0.11800000 0.01660156 0.01600000
3 0.05517578 0.26250000 0.01464844 0.01900000
3 0.42041016 0.41350000 0.01855469 0.02300000
