4 0.57100000 0.13330078 0.02400000 0.02832031
4 0.72400000 0.04199219 0.02200000 0.01953125
4 0.67750000 0.80224609 0.01700000 0.02246094
4 0.34900000 0.35791016 0.02000000 0.02246094
4 0.31150000 0.48632812 0.01700000 0.01757812
3 0.82950000 0.54882812 0.01900000 0.02343750
3 0.86150000 0.65917969 0.01500000 0.01757812
3 0.83750000 0.46679688 0.01500000 0.01757812
3 0.88750000 0.43261719 0.02100000 0.01953125
3 0.89750000 0.65966797 0.01700000 0.02050781
4 0.23750000 0.77832031 0.01700000 0.01757812
3 0.17450000 0.75195312 0.01700000 0.02148438
3 0.22350000 0.96972656 0.02100000 0.01953125
3 0.05650000 0.34765625 0.01700000 0.02148438
3 0.02150000 0.56396484 0.01700000 0.02050781
3 0.03800000 0.47021484 0.01600000 0.02441406
3 0.02200000 0.98046875 0.01400000 0.01562500
3 0.03900000 0.93408203 0.01400000 0.01855469
3 0.04700000 0.13037109 0.01600000 0.02246094
3 0.59100000 0.18505859 0.01800000 0.01464844
3 0.36550000 0.12451172 0.02300000 0.02050781
3 0.08850000 0.48339844 0.01500000 0.01757812
3 0.74950000 0.84570312 0.02100000 0.02343750
3 0.47300000 0.46533203 0.01800000 0.02050781
3 0.43200000 0.42529297 0.02200000 0.02246094
3 0.49450000 0.56298828 0.01500000 0.02050781
