4 0.84130859 0.47700000 0.01855469 0.02200000
4 0.92919922 0.70900000 0.01855469 0.01800000
4 0.27246094 0.44200000 0.01953125 0.02000000
4 0.09472656 0.43850000 0.01757812 0.01900000
4 0.19140625 0.97900000 0.02148438 0.02800000
4 0.48535156 0.94300000 0.01953125 0.01600000
4 0.62646484 0.51650000 0.02246094 0.02100000
4 0.91845703 0.23900000 0.02050781 0.01800000
3 0.85742188 0.58050000 0.02343750 0.02300000
3 0.79736328 0.83200000 0.02246094 0.02200000
3 0.80175781 0.88300000 0.01757812 0.01600000
3 0.54443359 0.98300000 0.02246094 0.02400000
3 0.23681641 0.97800000 0.01660156 0.01800000
3 0.80224609 0.59950000 0.01269531 0.01500000
3 0.56982422 0.64100000 0.01660156 0.01800000
3 0.54980469 0.53600000 0.01757812 0.01800000
3 0.21289062 0.12850000 0.01757812 0.02300000
3 0.47216797 0.53600000 0.01660156 0.02000000
3 0.37841797 0.48700000 0.01660156 0.01600000
3 0.35449219 0.51050000 0.01757812 0.01700000
3 0.02343750 0.46050000 0.01953125 0.01700000
3 0.02685547 0.88200000 0.01660156 0.01600000
3 0.05517578 0.73750000 0.01464844 0.01900000
3 0.42041016 0.58650000 0.01855469 0.02300000
