4 0.76513672 0.35500000 0.03613281 0.03200000
4 0.14501953 0.39650000 0.02441406 0.02100000
4 0.34521484 0.39950000 0.02246094 0.01900000
4 0.49902344 0.37800000 0.02343750 0.02400000
3 0.51855469 0.37400000 0.01757812 0.01600000
4 0.97656250 0.54350000 0.02343750 0.02900000
3 0.68945312 0.71150000 0.01757812 0.01500000
3 0.84423828 0.18550000 0.02050781 0.02100000
3 0.87597656 0.15800000 0.01953125 0.01800000
3 0.78613281 0.16500000 0.01953125 0.01800000
3 0.91455078 0.22050000 0.01855469 0.01900000
3 0.86181641 0.21750000 0.02441406 0.01900000
3 0.28125000 0.45250000 0.02343750 0.02100000
4 0.06933594 0.56350000 0.02929688 0.02300000
3 0.04833984 0.35200000 0.02050781 0.02400000
3 0.52148438 0.21100000 0.01953125 0.01600000
3 0.35449219 0.12450000 0.01757812 0.02100000
4 0.18652344 0.02950000 0.02734375 0.02500000
4 0.10351562 0.01050000 0.01757812 0.01900000
3 0.76855469 0.76550000 0.01757812 0.02100000
3 0.37841797 0.92550000 0.01660156 0.01900000
3 0.55224609 0.92350000 0.02050781 0.01700000
3 0.86718750 0.95550000 0.01562500 0.01700000
3 0.84619141 0.74900000 0.01660156 0.01800000
3 0.59033203 0.94050000 0.01855469 0.01700000
3 0.76708984 0.94750000 0.01464844 0.01500000
