4 0.15869141 0.52300000 0.01855469 0.02200000
4 0.07080078 0.29100000 0.01855469 0.01800000
4 0.72753906 0.55800000 0.01953125 0.02000000
4 0.90527344 0.56150000 0.01757812 0.01900000
4 0.80859375 0.02100000 0.02148438 0.02800000
4 0.51464844 0.05700000 0.01953125 0.01600000
4 0.37353516 0.48350000 0.02246094 0.02100000
4 0.08154297 0.76100000 0.02050781 0.01800000
3 0.14257812 0.41950000 0.02343750 0.02300000
3 0.20263672 0.16800000 0.02246094 0.02200000
3 0.19824219 0.11700000 0.01757812 0.01600000
3 0.45556641 0.01700000 0.02246094 0.02400000
3 0.76318359 0.02200000 0.01660156 0.01800000
3 0.19775391 0.40050000 0.01269531 0.01500000
3 0.43017578 0.35900000 0.01660156 0.01800000
3 0.45019531 0.46400000 0.01757812 0.01800000
3 0.78710938 0.87150000 0.01757812 0.02300000
3 0.52783203 0.46400000 0.01660156 0.02000000
3 0.62158203 0.51300000 0.01660156 0.01600000
3 0.64550781 0.48950000 0.01757812 0.01700000
3 0.97656250 0.53950000 0.01953125 0.01700000
3 0.97314453 0.11800000 0.01660156 0.01600000
3 0.94482422 0.26250000 0.01464844 0.01900000
3 0.57958984 0.41350000 0.01855469 0.02300000
