4 0.35500000 0.76513672 0.03200000 0.03613281
4 0.39650000 0.14501953 0.02100000 0.02441406
4 0.39950000 0.34521484 0.01900000 0.02246094
4 0.37800000 0.49902344 0.02400000 0.02343750
3 0.37400000 0.51855469 0.01600000 0.01757812
4 0.54350000 0.97656250 0.02900000 0.02343750
3 0.71150000 0.68945312 0.01500000 0.01757812
3 0.18550000 0.84423828 0.02100000 0.02050781
3 0.15800000 0.87597656 0.01800000 0.01953125
3 0.16500000 0.78613281 0.01800000 0.01953125
3 0.22050000 0.91455078 0.01900000 0.01855469
3 0.21750000 0.86181641 0.01900000 0.02441406
3 0.45250000 0.28125000 0.02100000 0.02343750
4 0.56350000 0.06933594 0.02300000 0.02929688
3 0.35200000 0.04833984 0.02400000 0.02050781
3 0.21100000 0.52148438 0.01600000 0.01953125
3 0.12450000 0.35449219 0.02100000 0.01757812
4 0.02950000 0.18652344 0.02500000 0.02734375
4 0.01050000 0.10351562 0.01900000 0.01757812
3 0.76550000 0.76855469 0.02100000 0.01757812
3 0.92550000 0.37841797 0.01900000 0.01660156
3 0.92350000 0.55224609 0.01700000 0.02050781
3 0.95550000 0.86718750 0.01700000 0.01562500
3 0.74900000 0.84619141 0.01800000 0.01660156
3 0.94050000 0.59033203 0.01700000 0.01855469
3 0.94750000 0.76708984 0.01500000 0.01464844
