4 0.11600000 0.61425781 0.04400000 0.05664062
4 0.24450000 0.90869141 0.03100000 0.03027344
4 0.79500000 0.76708984 0.01800000 0.01855469
3 0.74850000 0.81445312 0.02500000 0.01757812
3 0.66050000 0.22412109 0.02100000 0.01855469
4 0.17850000 0.41748047 0.02100000 0.01660156
4 0.15550000 0.49121094 0.02700000 0.02734375
4 0.06200000 0.74462891 0.01800000 0.01855469
3 0.11300000 0.82128906 0.02200000 0.01953125
3 0.25250000 0.83837891 0.02100000 0.02050781
3 0.09400000 0.94238281 0.02200000 0.02148438
3 0.55100000 0.72802734 0.02600000 0.02832031
3 0.64250000 0.62939453 0.02100000 0.02441406
3 0.68850000 0.75000000 0.01700000 0.01757812
3 0.56400000 0.67431641 0.02000000 0.01660156
3 0.37400000 0.56884766 0.01800000 0.01855469
3 0.26850000 0.56738281 0.01700000 0.01757812
3 0.13200000 0.16357422 0.01800000 0.02050781
3 0.26950000 0.00830078 0.01500000 0.01660156
3 0.66750000 0.11376953 0.01900000 0.01660156
3 0.60250000 0.05371094 0.01700000 0.01953125
3 0.65600000 0.34033203 0.01200000 0.01269531
3 0.64550000 0.33837891 0.01100000 0.01269531
3 0.60050000 0.35693359 0.01300000 0.01464844
3 0.58250000 0.35546875 0.01500000 0.01562500
3 0.20250000 0.32812500 0.01500000 0.01562500
3 0.25100000 0.15234375 0.01600000 0.01367188
3 0.20600000 0.16259766 0.02000000 0.01855469
