4 0.86669922 0.57100000 0.02832031 0.02400000
4 0.95800781 0.72400000 0.01953125 0.02200000
4 0.19775391 0.67750000 0.02246094 0.01700000
4 0.64208984 0.34900000 0.02246094 0.02000000
4 0.51367188 0.31150000 0.01757812 0.01700000
3 0.45117188 0.82950000 0.02343750 0.01900000
3 0.34082031 0.86150000 0.01757812 0.01500000
3 0.53320312 0.83750000 0.01757812 0.01500000
3 0.56738281 0.88750000 0.01953125 0.02100000
3 0.34033203 0.89750000 0.02050781 0.01700000
4 0.22167969 0.23750000 0.01757812 0.01700000
3 0.24804688 0.17450000 0.02148438 0.01700000
3 0.03027344 0.22350000 0.01953125 0.02100000
3 0.65234375 0.05650000 0.02148438 0.01700000
3 0.43603516 0.02150000 0.02050781 0.01700000
3 0.52978516 0.03800000 0.02441406 0.01600000
3 0.01953125 0.02200000 0.01562500 0.01400000
3 0.06591797 0.03900000 0.01855469 0.01400000
3 0.86962891 0.04700000 0.02246094 0.01600000
3 0.81494141 0.59100000 0.01464844 0.01800000
3 0.87548828 0.36550000 0.02050781 0.02300000
3 0.51660156 0.08850000 0.01757812 0.01500000
3 0.15429688 0.74950000 0.02343750 0.02100000
3 0.53466797 0.47300000 0.02050781 0.01800000
3 0.57470703 0.43200000 0.02246094 0.02200000
3 0.43701172 0.49450000 0.02050781 0.01500000
