4 0.10986328 0.06350000 0.01855469 0.01900000
4 0.02978516 0.01800000 0.02050781 0.02000000
4 0.12011719 0.03550000 0.01757812 0.01700000
4 0.43066406 0.05100000 0.01757812 0.01800000
3 0.39453125 0.09350000 0.01953125 0.02500000
4 0.02050781 0.30300000 0.02343750 0.01800000
4 0.05517578 0.45400000 0.02050781 0.02200000
3 0.14355469 0.27550000 0.01757812 0.01700000
4 0.79980469 0.23100000 0.01953125 0.02000000
4 0.36328125 0.75150000 0.01953125 0.01700000
4 0.02050781 0.76500000 0.02148438 0.02200000
3 0.02636719 0.67850000 0.01953125 0.01900000
3 0.44238281 0.41350000 0.01757812 0.01900000
3 0.31152344 0.44400000 0.01953125 0.02000000
3 0.30322266 0.50750000 0.02246094 0.02100000
3 0.56250000 0.83550000 0.01757812 0.02100000
4 0.82910156 0.91050000 0.01757812 0.01900000
3 0.85791016 0.85650000 0.02246094 0.02100000
3 0.74121094 0.98900000 0.02148438 0.01800000
3 0.31005859 0.13050000 0.01855469 0.02100000
3 0.68408203 0.07300000 0.02246094 0.01400000
3 0.89990234 0.11500000 0.02441406 0.02800000
3 0.88671875 0.23650000 0.01562500 0.01900000
3 0.95849609 0.27600000 0.02050781 0.01600000
3 0.89892578 0.35000000 0.01660156 0.01800000
3 0.84179688 0.56600000 0.02148438 0.02000000
3 0.96337891 0.59350000 0.02636719 0.02700000
4 0.99121094 0.41150000 0.01367188 0.01900000
3 0.64355469 0.47800000 0.01953125 0.02000000
3 0.66015625 0.26350000 0.02148438 0.02500000
3 0.12011719 0.66850000 0.01757812 0.01500000
3 0.15380859 0.74850000 0.02246094 0.01700000
