4 0.52300000 0.84130859 0.02200000 0.01855469
4 0.29100000 0.92919922 0.01800000 0.01855469
4 0.55800000 0.27246094 0.02000000 0.01953125
4 0.56150000 0.09472656 0.01900000 0.01757812
4 0.02100000 0.19140625 0.02800000 0.02148438
4 0.05700000 0.48535156 0.01600000 0.01953125
4 0.48350000 0.62646484 0.02100000 0.02246094
4 0.76100000 0.91845703 0.01800000 0.02050781
3 0.41950000 0.85742188 0.02300000 0.02343750
3 0.16800000 0.79736328 0.02200000 0.02246094
3 0.11700000 0.80175781 0.01600000 0.01757812
3 0.01700000 0.54443359 0.02400000 0.02246094
3 0.02200000 0.23681641 0.01800000 0.01660156
3 0.40050000 0.80224609 0.01500000 0.01269531
3 0.35900000 0.56982422 0.01800000 0.01660156
3 0.46400000 0.54980469 0.01800000 0.01757812
3 0.87150000 0.21289062 0.02300000 0.01757812
3 0.46400000 0.47216797 0.02000000 0.01660156
3 0.51300000 0.37841797 0.01600000 0.01660156
3 0.48950000 0.35449219 0.01700000 0.01757812
3 0.53950000 0.02343750 0.01700000 0.01953125
3 0.11800000 0.02685547 0.01600000 0.01660156
3 0.26250000 0.05517578 0.01900000 0.01464844
3 0.41350000 0.42041016 0.02300000 0.01855469
