4 0.61425781 0.11600000 0.05664062 0.04400000
4 0.90869141 0.24450000 0.03027344 0.03100000
4 0.76708984 0.79500000 0.01855469 0.01800000
3 0.81445312 0.74850000 0.01757812 0.02500000
3 0.22412109 0.66050000 0.01855469 0.02100000
4 0.41748047 0.17850000 0.01660156 0.02100000
4 0.49121094 0.15550000 0.02734375 0.02700000
4 0.74462891 0.06200000 0.01855469 0.01800000
3 0.82128906 0.11300000 0.01953125 0.02200000
3 0.83837891 0.25250000 0.02050781 0.02100000
3 0.94238281 0.09400000 0.02148438 0.02200000
3 0.72802734 0.55100000 0.02832031 0.02600000
3 0.62939453 0.64250000 0.02441406 0.02100000
3 0.75000000 0.68850000 0.01757812 0.01700000
3 0.67431641 0.56400000 0.01660156 0.02000000
3 0.56884766 0.37400000 0.01855469 0.01800000
3 0.56738281 0.26850000 0.01757812 0.01700000
3 0.16357422 0.13200000 0.02050781 0.01800000
3 0.00830078 0.26950000 0.01660156 0.01500000
3 0.11376953 0.66750000 0.01660156 0.01900000
3 0.05371094 0.60250000 0.01953125 0.01700000
3 0.34033203 0.65600000 0.01269531 0.01200000
3 0.33837891 0.64550000 0.01269531 0.01100000
3 0.35693359 0.60050000 0.01464844 0.01300000
3 0.35546875 0.58250000 0.01562500 0.01500000
3 0.32812500 0.20250000 0.01562500 0.01500000
3 0.15234375 0.25100000 0.01367188 0.01600000
3 0.16259766 0.20600000 0.01855469 0.02000000
