3 0.68250000 0.69873047 0.02300000 0.01855469
3 0.72450000 0.43994141 0.01700000 0.02441406
3 0.56400000 0.48632812 0.01400000 0.01953125
3 0.67250000 0.04492188 0.02300000 0.02539062
3 0.56550000 0.01562500 0.01500000 0.01953125
3 0.51700000 0.07080078 0.01600000 0.01464844
3 0.98050000 0.21533203 0.01700000 0.01464844
3 0.83800000 0.45214844 0.01400000 0.01757812
3 0.85750000 0.57617188 0.01500000 0.01757812
3 0.91650000 0.67138672 0.01700000 0.01464844
3 0.87500000 0.68652344 0.01600000 0.01757812
3 0.82550000 0.87646484 0.01900000 0.01269531
3 0.74900000 0.83154297 0.01800000 0.01855469
3 0.76000000 0.93457031 0.01600000 0.01757812
3 0.70350000 0.89208984 0.02100000 0.02441406
3 0.42500000 0.83007812 0.01400000 0.01367188
3 0.38250000 0.83203125 0.01500000 0.01367188
3 0.39050000 0.93896484 0.01500000 0.01855469
3 0.41150000 0.97998047 0.01700000 0.01660156
3 0.22650000 0.85058594 0.01500000 0.02148438
3 0.78850000 0.23339844 0.01300000 0.01367188
3 0.22200000 0.40478516 0.01400000 0.01074219
3 0.19000000 0.71044922 0.01400000 0.01269531
3 0.17900000 0.74755859 0.01800000 0.01269531
3 0.03900000 0.90771484 0.01800000 0.01855469
3 0.17900000 0.07763672 0.02000000 0.01660156
3 0.10250000 0.02343750 0.01500000 0.01562500
3 0.10800000 0.72705078 0.01600000 0.01660156
3 0.12800000 0.87548828 0.01800000 0.01855469
3 0.58750000 0.85546875 0.01900000 0.01953125
