4 0.53000000 0.28955078 0.02200000 0.02441406
4 0.55650000 0.33349609 0.02100000 0.01660156
3 0.53400000 0.07519531 0.01800000 0.01953125
4 0.10400000 0.65283203 0.01800000 0.01660156
4 0.01300000 0.30126953 0.01800000 0.01660156
4 0.18450000 0.08447266 0.02300000 0.02246094
4 0.56450000 0.89599609 0.02300000 0.02441406
4 0.49500000 0.50488281 0.02200000 0.01953125
4 0.53100000 0.65332031 0.01600000 0.01562500
3 0.96000000 0.22021484 0.02000000 0.02441406
3 0.87450000 0.68554688 0.01700000 0.01367188
3 0.89500000 0.72753906 0.01400000 0.01757812
3 0.82850000 0.70947266 0.02300000 0.01464844
3 0.76200000 0.74316406 0.02000000 0.01367188
3 0.72000000 0.41845703 0.01600000 0.01464844
3 0.82900000 0.43359375 0.01800000 0.01367188
3 0.61200000 0.18115234 0.01400000 0.01464844
3 0.60250000 0.83935547 0.01700000 0.01660156
3 0.70300000 0.89208984 0.01600000 0.01660156
3 0.68500000 0.93066406 0.02000000 0.01953125
3 0.48100000 0.26074219 0.02000000 0.01562500
3 0.32050000 0.36767578 0.01700000 0.01660156
3 0.31850000 0.42431641 0.01900000 0.01855469
3 0.80650000 0.20703125 0.01500000 0.01562500
3 0.67300000 0.04443359 0.02400000 0.02050781
3 0.70150000 0.02734375 0.01300000 0.01953125
3 0.84000000 0.01611328 0.01600000 0.01855469
3 0.81350000 0.00927734 0.01100000 0.01464844
3 0.25300000 0.06884766 0.01600000 0.01660156
3 0.34600000 0.15136719 0.01800000 0.01953125
3 0.11100000 0.19873047 0.01600000 0.01660156
3 0.03950000 0.17871094 0.01900000 0.01757812
3 0.00900000 0.15478516 0.01400000 0.01464844
3 0.08600000 0.57080078 0.01600000 0.01660156
3 0.21650000 0.60742188 0.01900000 0.01367188
3 0.83650000 0.81884766 0.01700000 0.01464844
3 0.28300000 0.93359375 0.01800000 0.01562500
3 0.16200000 0.95605469 0.02000000 0.02148438
3 0.13100000 0.97021484 0.02000000 0.01855469
3 0.04000000 0.90722656 0.01600000 0.01953125
3 0.01950000 0.91894531 0.01700000 0.01562500
