4 0.39794922 0.50350000 0.02441406 0.02100000
4 0.43310547 0.57500000 0.01855469 0.01600000
3 0.48925781 0.68450000 0.02148438 0.01700000
4 0.23828125 0.76250000 0.01953125 0.01900000
4 0.66552734 0.54350000 0.02050781 0.02100000
4 0.08593750 0.33950000 0.01757812 0.01700000
4 0.27246094 0.20500000 0.01953125 0.02200000
4 0.69091797 0.01450000 0.02246094 0.01900000
4 0.38916016 0.05300000 0.01660156 0.01600000
3 0.49902344 0.78600000 0.01757812 0.02000000
3 0.63134766 0.78100000 0.01855469 0.01400000
3 0.68505859 0.76750000 0.01660156 0.01500000
3 0.84277344 0.80600000 0.01757812 0.01800000
3 0.91650391 0.81000000 0.02246094 0.02000000
3 0.04345703 0.83100000 0.01464844 0.01600000
3 0.12500000 0.84050000 0.01367188 0.01500000
3 0.06689453 0.89500000 0.01660156 0.01600000
3 0.06738281 0.78000000 0.01562500 0.01800000
3 0.83154297 0.51400000 0.01855469 0.02200000
3 0.78271484 0.43750000 0.01660156 0.01900000
3 0.29736328 0.46200000 0.01464844 0.01800000
3 0.49072266 0.51700000 0.01855469 0.01800000
3 0.22216797 0.31000000 0.01660156 0.01800000
3 0.32275391 0.23500000 0.01660156 0.01800000
3 0.74316406 0.33450000 0.01757812 0.01500000
3 0.04101562 0.13750000 0.01367188 0.01700000
3 0.01269531 0.30750000 0.01953125 0.01300000
3 0.15087891 0.25200000 0.01660156 0.01600000
3 0.12109375 0.15450000 0.01953125 0.01700000
3 0.24902344 0.21250000 0.01562500 0.01500000
3 0.07519531 0.27800000 0.01367188 0.01600000
3 0.35449219 0.06900000 0.01562500 0.01800000
3 0.33349609 0.03650000 0.01464844 0.01700000
3 0.23779297 0.13300000 0.01464844 0.01600000
3 0.60400391 0.24450000 0.02050781 0.01700000
3 0.62500000 0.24300000 0.01562500 0.02000000
3 0.69628906 0.25600000 0.01562500 0.01600000
3 0.58740234 0.02500000 0.01464844 0.01600000
3 0.89599609 0.12200000 0.02441406 0.02000000
3 0.92626953 0.14900000 0.01464844 0.01600000
3 0.91210938 0.04950000 0.01953125 0.02300000
3 0.43017578 0.37200000 0.01660156 0.01600000
3 0.49169922 0.25800000 0.01464844 0.01600000
