4 0.71044922 0.47000000 0.02441406 0.02200000
4 0.66650391 0.44350000 0.01660156 0.02100000
3 0.92480469 0.46600000 0.01953125 0.01800000
4 0.34716797 0.89600000 0.01660156 0.01800000
4 0.69873047 0.98700000 0.01660156 0.01800000
4 0.91552734 0.81550000 0.02246094 0.02300000
4 0.10400391 0.43550000 0.02441406 0.02300000
4 0.49511719 0.50500000 0.01953125 0.02200000
4 0.34667969 0.46900000 0.01562500 0.01600000
3 0.77978516 0.04000000 0.02441406 0.02000000
3 0.31445312 0.12550000 0.01367188 0.01700000
3 0.27246094 0.10500000 0.01757812 0.01400000
3 0.29052734 0.17150000 0.01464844 0.02300000
3 0.25683594 0.23800000 0.01367188 0.02000000
3 0.58154297 0.28000000 0.01464844 0.01600000
3 0.56640625 0.17100000 0.01367188 0.01800000
3 0.81884766 0.38800000 0.01464844 0.01400000
3 0.16064453 0.39750000 0.01660156 0.01700000
3 0.10791016 0.29700000 0.01660156 0.01600000
3 0.06933594 0.31500000 0.01953125 0.02000000
3 0.73925781 0.51900000 0.01562500 0.02000000
3 0.63232422 0.67950000 0.01660156 0.01700000
3 0.57568359 0.68150000 0.01855469 0.01900000
3 0.79296875 0.19350000 0.01562500 0.01500000
3 0.95556641 0.32700000 0.02050781 0.02400000
3 0.97265625 0.29850000 0.01953125 0.01300000
3 0.98388672 0.16000000 0.01855469 0.01600000
3 0.99072266 0.18650000 0.01464844 0.01100000
3 0.93115234 0.74700000 0.01660156 0.01600000
3 0.84863281 0.65400000 0.01953125 0.01800000
3 0.80126953 0.88900000 0.01660156 0.01600000
3 0.82128906 0.96050000 0.01757812 0.01900000
3 0.84521484 0.99100000 0.01464844 0.01400000
3 0.42919922 0.91400000 0.01660156 0.01600000
3 0.39257812 0.78350000 0.01367188 0.01900000
3 0.18115234 0.16350000 0.01464844 0.01700000
3 0.06640625 0.71700000 0.01562500 0.01800000
3 0.04394531 0.83800000 0.02148438 0.02000000
3 0.02978516 0.86900000 0.01855469 0.02000000
3 0.09277344 0.96000000 0.01953125 0.01600000
3 0.08105469 0.98050000 0.01562500 0.01700000
