4 0.64062500 0.44400000 0.01953125 0.02000000
4 0.62011719 0.26200000 0.01953125 0.02200000
4 0.86572266 0.17050000 0.02050781 0.01900000
4 0.33544922 0.58600000 0.02246094 0.01800000
4 0.01220703 0.32300000 0.01660156 0.02000000
3 0.14111328 0.37000000 0.02050781 0.02000000
3 0.22363281 0.13900000 0.01953125 0.02000000
3 0.68603516 0.87550000 0.01660156 0.01500000
3 0.56884766 0.89350000 0.01464844 0.01300000
3 0.81103516 0.89400000 0.02246094 0.01800000
3 0.85937500 0.83950000 0.01757812 0.01900000
3 0.61718750 0.84900000 0.02148438 0.02000000
3 0.79101562 0.84850000 0.01953125 0.01500000
3 0.57226562 0.67450000 0.01953125 0.01700000
3 0.70605469 0.64100000 0.02343750 0.01800000
3 0.60791016 0.62700000 0.01660156 0.01600000
3 0.43066406 0.60550000 0.01953125 0.02100000
3 0.07275391 0.58000000 0.01464844 0.02000000
3 0.21533203 0.56300000 0.01464844 0.01600000
3 0.03710938 0.39950000 0.01367188 0.01700000
3 0.23095703 0.40050000 0.01855469 0.01900000
3 0.07226562 0.34700000 0.01562500 0.01600000
3 0.07421875 0.89850000 0.01367188 0.01500000
3 0.95556641 0.54950000 0.01855469 0.01900000
3 0.89306641 0.70600000 0.01855469 0.02200000
3 0.91064453 0.41100000 0.01660156 0.01800000
3 0.86425781 0.25050000 0.01953125 0.01500000
3 0.56640625 0.09550000 0.02148438 0.02100000
3 0.82080078 0.12200000 0.01464844 0.01600000
3 0.90527344 0.04050000 0.02148438 0.02100000
3 0.97314453 0.40650000 0.02246094 0.01300000
