4 0.35937500 0.44400000 0.01953125 0.02000000
4 0.37988281 0.26200000 0.01953125 0.02200000
4 0.13427734 0.17050000 0.02050781 0.01900000
4 0.66455078 0.58600000 0.02246094 0.01800000
4 0.98779297 0.32300000 0.01660156 0.02000000
3 0.85888672 0.37000000 0.02050781 0.02000000
3 0.77636719 0.13900000 0.01953125 0.02000000
3 0.31396484 0.87550000 0.01660156 0.01500000
3 0.43115234 0.89350000 0.01464844 0.01300000
3 0.18896484 0.89400000 0.02246094 0.01800000
3 0.14062500 0.83950000 0.01757812 0.01900000
3 0.38281250 0.84900000 0.02148438 0.02000000
3 0.20898438 0.84850000 0.01953125 0.01500000
3 0.42773438 0.67450000 0.01953125 0.01700000
3 0.29394531 0.64100000 0.02343750 0.01800000
3 0.39208984 0.62700000 0.01660156 0.01600000
3 0.56933594 0.60550000 0.01953125 0.02100000
3 0.92724609 0.58000000 0.01464844 0.02000000
3 0.78466797 0.56300000 0.01464844 0.01600000
3 0.96289062 0.39950000 0.01367188 0.01700000
3 0.76904297 0.40050000 0.01855469 0.01900000
3 0.92773438 0.34700000 0.01562500 0.01600000
3 0.92578125 0.89850000 0.01367188 0.01500000
3 0.04443359 0.54950000 0.01855469 0.01900000
3 0.10693359 0.70600000 0.01855469 0.02200000
3 0.08935547 0.41100000 0.01660156 0.01800000
3 0.13574219 0.25050000 0.01953125 0.01500000
3 0.43359375 0.09550000 0.02148438 0.02100000
3 0.17919922 0.12200000 0.01464844 0.01600000
3 0.09472656 0.04050000 0.02148438 0.02100000
3 0.02685547 0.40650000 0.02246094 0.01300000
