3 0.30126953 0.31750000 0.01855469 0.02300000
3 0.56005859 0.27550000 0.02441406 0.01700000
3 0.51367188 0.43600000 0.01953125 0.01400000
3 0.95507812 0.32750000 0.02539062 0.02300000
3 0.98437500 0.43450000 0.01953125 0.01500000
3 0.92919922 0.48300000 0.01464844 0.01600000
3 0.78466797 0.01950000 0.01464844 0.01700000
3 0.54785156 0.16200000 0.01757812 0.01400000
3 0.42382812 0.14250000 0.01757812 0.01500000
3 0.32861328 0.08350000 0.01464844 0.01700000
3 0.31347656 0.12500000 0.01757812 0.01600000
3 0.12353516 0.17450000 0.01269531 0.01900000
3 0.16845703 0.25100000 0.01855469 0.01800000
3 0.06542969 0.24000000 0.01757812 0.01600000
3 0.10791016 0.29650000 0.02441406 0.02100000
3 0.16992188 0.57500000 0.01367188 0.01400000
3 0.16796875 0.61750000 0.01367188 0.01500000
3 0.06103516 0.60950000 0.01855469 0.01500000
3 0.02001953 0.58850000 0.01660156 0.01700000
3 0.14941406 0.77350000 0.02148438 0.01500000
3 0.76660156 0.21150000 0.01367188 0.01300000
3 0.59521484 0.77800000 0.01074219 0.01400000
3 0.28955078 0.81000000 0.01269531 0.01400000
3 0.25244141 0.82100000 0.01269531 0.01800000
3 0.09228516 0.96100000 0.01855469 0.01800000
3 0.92236328 0.82100000 0.01660156 0.02000000
3 0.97656250 0.89750000 0.01562500 0.01500000
3 0.27294922 0.89200000 0.01660156 0.01600000
3 0.12451172 0.87200000 0.01855469 0.01800000
3 0.14453125 0.41250000 0.01953125 0.01900000
