3 0.69873047 0.31750000 0.01855469 0.02300000
3 0.43994141 0.27550000 0.02441406 0.01700000
3 0.48632812 0.43600000 0.01953125 0.01400000
3 0.04492188 0.32750000 0.02539062 0.02300000
3 0.01562500 0.43450000 0.01953125 0.01500000
3 0.07080078 0.48300000 0.01464844 0.01600000
3 0.21533203 0.01950000 0.01464844 0.01700000
3 0.45214844 0.16200000 0.01757812 0.01400000
3 0.57617188 0.14250000 0.01757812 0.01500000
3 0.67138672 0.08350000 0.01464844 0.01700000
3 0.68652344 0.12500000 0.01757812 0.01600000
3 0.87646484 0.17450000 0.01269531 0.01900000
3 0.83154297 0.25100000 0.01855469 0.01800000
3 0.93457031 0.24000000 0.01757812 0.01600000
3 0.89208984 0.29650000 0.02441406 0.02100000
3 0.83007812 0.57500000 0.01367188 0.01400000
3 0.83203125 0.61750000 0.01367188 0.01500000
3 0.93896484 0.60950000 0.01855469 0.01500000
3 0.97998047 0.58850000 0.01660156 0.01700000
3 0.85058594 0.77350000 0.02148438 0.01500000
3 0.23339844 0.21150000 0.01367188 0.01300000
3 0.40478516 0.77800000 0.01074219 0.01400000
3 0.71044922 0.81000000 0.01269531 0.01400000
3 0.74755859 0.82100000 0.01269531 0.01800000
3 0.90771484 0.96100000 0.01855469 0.01800000
3 0.07763672 0.82100000 0.01660156 0.02000000
3 0.02343750 0.89750000 0.01562500 0.01500000
3 0.72705078 0.89200000 0.01660156 0.01600000
3 0.87548828 0.87200000 0.01855469 0.01800000
3 0.85546875 0.41250000 0.01953125 0.01900000
