4 0.64062500 0.55600000 0.01953125 0.02000000
4 0.62011719 0.73800000 0.01953125 0.02200000
4 0.86572266 0.82950000 0.02050781 0.01900000
4 0.33544922 0.41400000 0.02246094 0.01800000
4 0.01220703 0.67700000 0.01660156 0.02000000
3 0.14111328 0.63000000 0.02050781 0.02000000
3 0.22363281 0.86100000 0.01953125 0.02000000
3 0.68603516 0.12450000 0.01660156 0.01500000
3 0.56884766 0.10650000 0.01464844 0.01300000
3 0.81103516 0.10600000 0.02246094 0.01800000
3 0.85937500 0.16050000 0.01757812 0.01900000
3 0.61718750 0.15100000 0.02148438 0.02000000
3 0.79101562 0.15150000 0.01953125 0.01500000
3 0.57226562 0.32550000 0.01953125 0.01700000
3 0.70605469 0.35900000 0.02343750 0.01800000
3 0.60791016 0.37300000 0.01660156 0.01600000
3 0.43066406 0.39450000 0.01953125 0.02100000
3 0.07275391 0.42000000 0.01464844 0.02000000
3 0.21533203 0.43700000 0.01464844 0.01600000
3 0.03710938 0.60050000 0.01367188 0.01700000
3 0.23095703 0.59950000 0.01855469 0.01900000
3 0.07226562 0.65300000 0.01562500 0.01600000
3 0.07421875 0.10150000 0.01367188 0.01500000
3 0.95556641 0.45050000 0.01855469 0.01900000
3 0.89306641 0.29400000 0.01855469 0.02200000
3 0.91064453 0.58900000 0.01660156 0.01800000
3 0.86425781 0.74950000 0.01953125 0.01500000
3 0.56640625 0.90450000 0.02148438 0.02100000
3 0.82080078 0.87800000 0.01464844 0.01600000
3 0.90527344 0.95950000 0.02148438 0.02100000
3 0.97314453 0.59350000 0.02246094 0.01300000
