4 0.39794922 0.49650000 0.02441406 0.02100000
4 0.43310547 0.42500000 0.01855469 0.01600000
3 0.48925781 0.31550000 0.02148438 0.01700000
4 0.23828125 0.23750000 0.01953125 0.01900000
4 0.66552734 0.45650000 0.02050781 0.02100000
4 0.08593750 0.66050000 0.01757812 0.01700000
4 0.27246094 0.79500000 0.01953125 0.02200000
4 0.69091797 0.98550000 0.02246094 0.01900000
4 0.38916016 0.94700000 0.01660156 0.01600000
3 0.49902344 0.21400000 0.01757812 0.02000000
3 0.63134766 0.21900000 0.01855469 0.01400000
3 0.68505859 0.23250000 0.01660156 0.01500000
3 0.84277344 0.19400000 0.01757812 0.01800000
3 0.91650391 0.19000000 0.02246094 0.02000000
3 0.04345703 0.16900000 0.01464844 0.01600000
3 0.12500000 0.15950000 0.01367188 0.01500000
3 0.06689453 0.10500000 0.01660156 0.01600000
3 0.06738281 0.22000000 0.01562500 0.01800000
3 0.83154297 0.48600000 0.01855469 0.02200000
3 0.78271484 0.56250000 0.01660156 0.01900000
3 0.29736328 0.53800000 0.01464844 0.01800000
3 0.49072266 0.48300000 0.01855469 0.01800000
3 0.22216797 0.69000000 0.01660156 0.01800000
3 0.32275391 0.76500000 0.01660156 0.01800000
3 0.74316406 0.66550000 0.01757812 0.01500000
3 0.04101562 0.86250000 0.01367188 0.01700000
3 0.01269531 0.69250000 0.01953125 0.01300000
3 0.15087891 0.74800000 0.01660156 0.01600000
3 0.12109375 0.84550000 0.01953125 0.01700000
3 0.24902344 0.78750000 0.01562500 0.01500000
3 0.07519531 0.72200000 0.01367188 0.01600000
3 0.35449219 0.93100000 0.01562500 0.01800000
3 0.33349609 0.96350000 0.01464844 0.01700000
3 0.23779297 0.86700000 0.01464844 0.01600000
3 0.60400391 0.75550000 0.02050781 0.01700000
3 0.62500000 0.75700000 0.01562500 0.02000000
3 0.69628906 0.74400000 0.01562500 0.01600000
3 0.58740234 0.97500000 0.01464844 0.01600000
3 0.89599609 0.87800000 0.02441406 0.02000000
3 0.92626953 0.85100000 0.01464844 0.01600000
3 0.91210938 0.95050000 0.01953125 0.02300000
3 0.43017578 0.62800000 0.01660156 0.01600000
3 0.49169922 0.74200000 0.01464844 0.01600000
