4 0.60205078 0.50350000 0.02441406 0.02100000
4 0.56689453 0.57500000 0.01855469 0.01600000
3 0.51074219 0.68450000 0.02148438 0.01700000
4 0.76171875 0.76250000 0.01953125 0.01900000
4 0.33447266 0.54350000 0.02050781 0.02100000
4 0.91406250 0.33950000 0.01757812 0.01700000
4 0.72753906 0.20500000 0.01953125 0.02200000
4 0.30908203 0.01450000 0.02246094 0.01900000
4 0.61083984 0.05300000 0.01660156 0.01600000
3 0.50097656 0.78600000 0.01757812 0.02000000
3 0.36865234 0.78100000 0.01855469 0.01400000
3 0.31494141 0.76750000 0.01660156 0.01500000
3 0.15722656 0.80600000 0.01757812 0.01800000
3 0.08349609 0.81000000 0.02246094 0.02000000
3 0.95654297 0.83100000 0.01464844 0.01600000
3 0.87500000 0.84050000 0.01367188 0.01500000
3 0.93310547 0.89500000 0.01660156 0.01600000
3 0.93261719 0.78000000 0.01562500 0.01800000
3 0.16845703 0.51400000 0.01855469 0.02200000
3 0.21728516 0.43750000 0.01660156 0.01900000
3 0.70263672 0.46200000 0.01464844 0.01800000
3 0.50927734 0.51700000 0.01855469 0.01800000
3 0.77783203 0.31000000 0.01660156 0.01800000
3 0.67724609 0.23500000 0.01660156 0.01800000
3 0.25683594 0.33450000 0.01757812 0.01500000
3 0.95898438 0.13750000 0.01367188 0.01700000
3 0.98730469 0.30750000 0.01953125 0.01300000
3 0.84912109 0.25200000 0.01660156 0.01600000
3 0.87890625 0.15450000 0.01953125 0.01700000
3 0.75097656 0.21250000 0.01562500 0.01500000
3 0.92480469 0.27800000 0.01367188 0.01600000
3 0.64550781 0.06900000 0.01562500 0.01800000
3 0.66650391 0.03650000 0.01464844 0.01700000
3 0.76220703 0.13300000 0.01464844 0.01600000
3 0.39599609 0.24450000 0.02050781 0.01700000
3 0.37500000 0.24300000 0.01562500 0.02000000
3 0.30371094 0.25600000 0.01562500 0.01600000
3 0.41259766 0.02500000 0.01464844 0.01600000
3 0.10400391 0.12200000 0.02441406 0.02000000
3 0.07373047 0.14900000 0.01464844 0.01600000
3 0.08789062 0.04950000 0.01953125 0.02300000
3 0.56982422 0.37200000 0.01660156 0.01600000
3 0.50830078 0.25800000 0.01464844 0.01600000
