4 0.60205078 0.49650000 0.02441406 0.02100000
4 0.56689453 0.42500000 0.01855469 0.01600000
3 0.51074219 0.31550000 0.02148438 0.01700000
4 0.76171875 0.23750000 0.01953125 0.01900000
4 0.33447266 0.45650000 0.02050781 0.02100000
4 0.91406250 0.66050000 0.01757812 0.01700000
4 0.72753906 0.79500000 0.01953125 0.02200000
4 0.30908203 0.98550000 0.02246094 0.01900000
4 0.61083984 0.94700000 0.01660156 0.01600000
3 0.50097656 0.21400000 0.01757812 0.02000000
3 0.36865234 0.21900000 0.01855469 0.01400000
3 0.31494141 0.23250000 0.01660156 0.01500000
3 0.15722656 0.19400000 0.01757812 0.01800000
3 0.08349609 0.19000000 0.02246094 0.02000000
3 0.95654297 0.16900000 0.01464844 0.01600000
3 0.87500000 0.15950000 0.01367188 0.01500000
3 0.93310547 0.10500000 0.01660156 0.01600000
3 0.93261719 0.22000000 0.01562500 0.01800000
3 0.16845703 0.48600000 0.01855469 0.02200000
3 0.21728516 0.56250000 0.01660156 0.01900000
3 0.70263672 0.53800000 0.01464844 0.01800000
3 0.50927734 0.48300000 0.01855469 0.01800000
3 0.77783203 0.69000000 0.01660156 0.01800000
3 0.67724609 0.76500000 0.01660156 0.01800000
3 0.25683594 0.66550000 0.01757812 0.01500000
3 0.95898438 0.86250000 0.01367188 0.01700000
3 0.98730469 0.69250000 0.01953125 0.01300000
3 0.84912109 0.74800000 0.01660156 0.01600000
3 0.87890625 0.84550000 0.01953125 0.01700000
3 0.75097656 0.78750000 0.01562500 0.01500000
3 0.92480469 0.72200000 0.01367188 0.01600000
3 0.64550781 0.93100000 0.01562500 0.01800000
3 0.66650391 0.96350000 0.01464844 0.01700000
3 0.76220703 0.86700000 0.01464844 0.01600000
3 0.39599609 0.75550000 0.02050781 0.01700000
3 0.37500000 0.75700000 0.01562500 0.02000000
3 0.30371094 0.74400000 0.01562500 0.01600000
3 0.41259766 0.97500000 0.01464844 0.01600000
3 0.10400391 0.87800000 0.02441406 0.02000000
3 0.07373047 0.85100000 0.01464844 0.01600000
3 0.08789062 0.95050000 0.01953125 0.02300000
3 0.56982422 0.62800000 0.01660156 0.01600000
3 0.50830078 0.74200000 0.01464844 0.01600000
