4 0.28955078 0.47000000 0.02441406 0.02200000
4 0.33349609 0.44350000 0.01660156 0.02100000
3 0.07519531 0.46600000 0.01953125 0.01800000
4 0.65283203 0.89600000 0.01660156 0.01800000
4 0.30126953 0.98700000 0.01660156 0.01800000
4 0.08447266 0.81550000 0.02246094 0.02300000
4 0.89599609 0.43550000 0.02441406 0.02300000
4 0.50488281 0.50500000 0.01953125 0.02200000
4 0.65332031 0.46900000 0.01562500 0.01600000
3 0.22021484 0.04000000 0.02441406 0.02000000
3 0.68554688 0.12550000 0.01367188 0.01700000
3 0.72753906 0.10500000 0.01757812 0.01400000
3 0.70947266 0.17150000 0.01464844 0.02300000
3 0.74316406 0.23800000 0.01367188 0.02000000
3 0.41845703 0.28000000 0.01464844 0.01600000
3 0.43359375 0.17100000 0.01367188 0.01800000
3 0.18115234 0.38800000 0.01464844 0.01400000
3 0.83935547 0.39750000 0.01660156 0.01700000
3 0.89208984 0.29700000 0.01660156 0.01600000
3 0.93066406 0.31500000 0.01953125 0.02000000
3 0.26074219 0.51900000 0.01562500 0.02000000
3 0.36767578 0.67950000 0.01660156 0.01700000
3 0.42431641 0.68150000 0.01855469 0.01900000
3 0.20703125 0.19350000 0.01562500 0.01500000
3 0.04443359 0.32700000 0.02050781 0.02400000
3 0.02734375 0.29850000 0.01953125 0.01300000
3 0.01611328 0.16000000 0.01855469 0.01600000
3 0.00927734 0.18650000 0.01464844 0.01100000
3 0.06884766 0.74700000 0.01660156 0.01600000
3 0.15136719 0.65400000 0.01953125 0.01800000
3 0.19873047 0.88900000 0.01660156 0.01600000
3 0.17871094 0.96050000 0.01757812 0.01900000
3 0.15478516 0.99100000 0.01464844 0.01400000
3 0.57080078 0.91400000 0.01660156 0.01600000
3 0.60742188 0.78350000 0.01367188 0.01900000
3 0.81884766 0.16350000 0.01464844 0.01700000
3 0.93359375 0.71700000 0.01562500 0.01800000
3 0.95605469 0.83800000 0.02148438 0.02000000
3 0.97021484 0.86900000 0.01855469 0.02000000
3 0.90722656 0.96000000 0.01953125 0.01600000
3 0.91894531 0.98050000 0.01562500 0.01700000
