4 0.55600000 0.35937500 0.02000000 0.01953125
4 0.73800000 0.37988281 0.02200000 0.01953125
4 0.82950000 0.13427734 0.01900000 0.02050781
4 0.41400000 0.66455078 0.01800000 0.02246094
4 0.67700000 0.98779297 0.02000000 0.01660156
3 0.63000000 0.85888672 0.02000000 0.02050781
3 0.86100000 0.77636719 0.02000000 0.01953125
3 0.12450000 0.31396484 0.01500000 0.01660156
3 0.10650000 0.43115234 0.01300000 0.01464844
3 0.10600000 0.18896484 0.01800000 0.02246094
3 0.16050000 0.14062500 0.01900000 0.01757812
3 0.15100000 0.38281250 0.02000000 0.02148438
3 0.15150000 0.20898438 0.01500000 0.01953125
3 0.32550000 0.42773438 0.01700000 0.01953125
3 0.35900000 0.29394531 0.01800000 0.02343750
3 0.37300000 0.39208984 0.01600000 0.01660156
3 0.39450000 0.56933594 0.02100000 0.01953125
3 0.42000000 0.92724609 0.02000000 0.01464844
3 0.43700000 0.78466797 0.01600000 0.01464844
3 0.60050000 0.96289062 0.01700000 0.01367188
3 0.59950000 0.76904297 0.01900000 0.01855469
3 0.65300000 0.92773438 0.01600000 0.01562500
3 0.10150000 0.92578125 0.01500000 0.01367188
3 0.45050000 0.04443359 0.01900000 0.01855469
3 0.29400000 0.10693359 0.02200000 0.01855469
3 0.58900000 0.08935547 0.01800000 0.01660156
3 0.74950000 0.13574219 0.01500000 0.01953125
3 0.90450000 0.43359375 0.02100000 0.02148438
3 0.87800000 0.17919922 0.01600000 0.01464844
3 0.95950000 0.09472656 0.02100000 0.02148438
3 0.59350000 0.02685547 0.01300000 0.02246094
