3 0.30126953 0.68250000 0.01855469 0.02300000
3 0.56005859 0.72450000 0.02441406 0.01700000
3 0.51367188 0.56400000 0.01953125 0.01400000
3 0.95507812 0.67250000 0.02539062 0.02300000
3 0.98437500 0.56550000 0.01953125 0.01500000
3 0.92919922 0.51700000 0.01464844 0.01600000
3 0.78466797 0.98050000 0.01464844 0.01700000
3 0.54785156 0.83800000 0.01757812 0.01400000
3 0.42382812 0.85750000 0.01757812 0.01500000
3 0.32861328 0.91650000 0.01464844 0.01700000
3 0.31347656 0.87500000 0.01757812 0.01600000
3 0.12353516 0.82550000 0.01269531 0.01900000
3 0.16845703 0.74900000 0.01855469 0.01800000
3 0.06542969 0.76000000 0.01757812 0.01600000
3 0.10791016 0.70350000 0.02441406 0.02100000
3 0.16992188 0.42500000 0.01367188 0.01400000
3 0.16796875 0.38250000 0.01367188 0.01500000
3 0.06103516 0.39050000 0.01855469 0.01500000
3 0.02001953 0.41150000 0.01660156 0.01700000
3 0.14941406 0.22650000 0.02148438 0.01500000
3 0.76660156 0.78850000 0.01367188 0.01300000
3 0.59521484 0.22200000 0.01074219 0.01400000
3 0.28955078 0.19000000 0.01269531 0.01400000
3 0.25244141 0.17900000 0.01269531 0.01800000
3 0.09228516 0.03900000 0.01855469 0.01800000
3 0.92236328 0.17900000 0.01660156 0.02000000
3 0.97656250 0.10250000 0.01562500 0.01500000
3 0.27294922 0.10800000 0.01660156 0.01600000
3 0.12451172 0.12800000 0.01855469 0.01800000
3 0.14453125 0.58750000 0.01953125 0.01900000
