4 0.55250000 0.34277344 0.02700000 0.02148438
4 0.46500000 0.46142578 0.01800000 0.02050781
4 0.53900000 0.22119141 0.01800000 0.02246094
4 0.60550000 0.23876953 0.02500000 0.02832031
4 0.35750000 0.88330078 0.02300000 0.02050781
3 0.41050000 0.84375000 0.02300000 0.01953125
4 0.14300000 0.31445312 0.02200000 0.02148438
3 0.23200000 0.11083984 0.01600000 0.01855469
4 0.19950000 0.00976562 0.01900000 0.01562500
3 0.17700000 0.03417969 0.01400000 0.01953125
3 0.31550000 0.58056641 0.01700000 0.01855469
3 0.16100000 0.60253906 0.02000000 0.01757812
3 0.16550000 0.63281250 0.01300000 0.01757812
3 0.29850000 0.74707031 0.01900000 0.01953125
3 0.62750000 0.12304688 0.02100000 0.01171875
3 0.70550000 0.03808594 0.01900000 0.01757812
3 0.66950000 0.38574219 0.01900000 0.01757812
3 0.64150000 0.49169922 0.01700000 0.01855469
3 0.71400000 0.51464844 0.01600000 0.01562500
3 0.73750000 0.56884766 0.01700000 0.01464844
3 0.73750000 0.59375000 0.01700000 0.01953125
3 0.39400000 0.64794922 0.01400000 0.01464844
3 0.43600000 0.56591797 0.01600000 0.01074219
3 0.43250000 0.34130859 0.01900000 0.01855469
3 0.35200000 0.19677734 0.01600000 0.01660156
3 0.41300000 0.13476562 0.02000000 0.01562500
3 0.01400000 0.72705078 0.01400000 0.01660156
3 0.07400000 0.39794922 0.01800000 0.01855469
3 0.09150000 0.61718750 0.01700000 0.01757812
3 0.25800000 0.71533203 0.01600000 0.01660156
3 0.22750000 0.43408203 0.02100000 0.01464844
3 0.26000000 0.27783203 0.02000000 0.01464844
3 0.14450000 0.25585938 0.01300000 0.01757812
3 0.11950000 0.48486328 0.01500000 0.01269531
3 0.19550000 0.65283203 0.01700000 0.01269531
3 0.43750000 0.08154297 0.02100000 0.01464844
3 0.59800000 0.02880859 0.02000000 0.01660156
3 0.62100000 0.02783203 0.01800000 0.02050781
3 0.52900000 0.06933594 0.02200000 0.01757812
3 0.75500000 0.91210938 0.01400000 0.01757812
3 0.76250000 0.88964844 0.01500000 0.01367188
3 0.71250000 0.78271484 0.01700000 0.01855469
3 0.82650000 0.98730469 0.01500000 0.01562500
3 0.86250000 0.64648438 0.01900000 0.01171875
3 0.91950000 0.36914062 0.02100000 0.01757812
3 0.96150000 0.18115234 0.01700000 0.02050781
3 0.69750000 0.28369141 0.01700000 0.01855469
3 0.97650000 0.52880859 0.01700000 0.01855469
3 0.94550000 0.78955078 0.01500000 0.01855469
3 0.89800000 0.78076172 0.01400000 0.01074219
3 0.91250000 0.77050781 0.01100000 0.01367188
3 0.97350000 0.46386719 0.01500000 0.01757812
3 0.91200000 0.39013672 0.01200000 0.01464844
3 0.90750000 0.23291016 0.01300000 0.01269531
3 0.84500000 0.20312500 0.01400000 0.01367188
3 0.98600000 0.83496094 0.01800000 0.01562500
