4 0.34277344 0.55250000 0.02148438 0.02700000
4 0.46142578 0.46500000 0.02050781 0.01800000
4 0.22119141 0.53900000 0.02246094 0.01800000
4 0.23876953 0.60550000 0.02832031 0.02500000
4 0.88330078 0.35750000 0.02050781 0.02300000
3 0.84375000 0.41050000 0.01953125 0.02300000
4 0.31445312 0.14300000 0.02148438 0.02200000
3 0.11083984 0.23200000 0.01855469 0.01600000
4 0.00976562 0.19950000 0.01562500 0.01900000
3 0.03417969 0.17700000 0.01953125 0.01400000
3 0.58056641 0.31550000 0.01855469 0.01700000
3 0.60253906 0.16100000 0.01757812 0.02000000
3 0.63281250 0.16550000 0.01757812 0.01300000
3 0.74707031 0.29850000 0.01953125 0.01900000
3 0.12304688 0.62750000 0.01171875 0.02100000
3 0.03808594 0.70550000 0.01757812 0.01900000
3 0.38574219 0.66950000 0.01757812 0.01900000
3 0.49169922 0.64150000 0.01855469 0.01700000
3 0.51464844 0.71400000 0.01562500 0.01600000
3 0.56884766 0.73750000 0.01464844 0.01700000
3 0.59375000 0.73750000 0.01953125 0.01700000
3 0.64794922 0.39400000 0.01464844 0.01400000
3 0.56591797 0.43600000 0.01074219 0.01600000
3 0.34130859 0.43250000 0.01855469 0.01900000
3 0.19677734 0.35200000 0.01660156 0.01600000
3 0.13476562 0.41300000 0.01562500 0.02000000
3 0.72705078 0.01400000 0.01660156 0.01400000
3 0.39794922 0.07400000 0.01855469 0.01800000
3 0.61718750 0.09150000 0.01757812 0.01700000
3 0.71533203 0.25800000 0.01660156 0.01600000
3 0.43408203 0.22750000 0.01464844 0.02100000
3 0.27783203 0.26000000 0.01464844 0.02000000
3 0.25585938 0.14450000 0.01757812 0.01300000
3 0.48486328 0.11950000 0.01269531 0.01500000
3 0.65283203 0.19550000 0.01269531 0.01700000
3 0.08154297 0.43750000 0.01464844 0.02100000
3 0.02880859 0.59800000 0.01660156 0.02000000
3 0.02783203 0.62100000 0.02050781 0.01800000
3 0.06933594 0.52900000 0.01757812 0.02200000
3 0.91210938 0.75500000 0.01757812 0.01400000
3 0.88964844 0.76250000 0.01367188 0.01500000
3 0.78271484 0.71250000 0.01855469 0.01700000
3 0.98730469 0.82650000 0.01562500 0.01500000
3 0.64648438 0.86250000 0.01171875 0.01900000
3 0.36914062 0.91950000 0.01757812 0.02100000
3 0.18115234 0.96150000 0.02050781 0.01700000
3 0.28369141 0.69750000 0.01855469 0.01700000
3 0.52880859 0.97650000 0.01855469 0.01700000
3 0.78955078 0.94550000 0.01855469 0.01500000
3 0.78076172 0.89800000 0.01074219 0.01400000
3 0.77050781 0.91250000 0.01367188 0.01100000
3 0.46386719 0.97350000 0.01757812 0.01500000
3 0.39013672 0.91200000 0.01464844 0.01200000
3 0.23291016 0.90750000 0.01269531 0.01300000
3 0.20312500 0.84500000 0.01367188 0.01400000
3 0.83496094 0.98600000 0.01562500 0.01800000
