4 0.34277344 0.44750000 0.02148438 0.02700000
4 0.46142578 0.53500000 0.02050781 0.01800000
4 0.22119141 0.46100000 0.02246094 0.01800000
4 0.23876953 0.39450000 0.02832031 0.02500000
4 0.88330078 0.64250000 0.02050781 0.02300000
3 0.84375000 0.58950000 0.01953125 0.02300000
4 0.31445312 0.85700000 0.02148438 0.02200000
3 0.11083984 0.76800000 0.01855469 0.01600000
4 0.00976562 0.80050000 0.01562500 0.01900000
3 0.03417969 0.82300000 0.01953125 0.01400000
3 0.58056641 0.68450000 0.01855469 0.01700000
3 0.60253906 0.83900000 0.01757812 0.02000000
3 0.63281250 0.83450000 0.01757812 0.01300000
3 0.74707031 0.70150000 0.01953125 0.01900000
3 0.12304688 0.37250000 0.01171875 0.02100000
3 0.03808594 0.29450000 0.01757812 0.01900000
3 0.38574219 0.33050000 0.01757812 0.01900000
3 0.49169922 0.35850000 0.01855469 0.01700000
3 0.51464844 0.28600000 0.01562500 0.01600000
3 0.56884766 0.26250000 0.01464844 0.01700000
3 0.59375000 0.26250000 0.01953125 0.01700000
3 0.64794922 0.60600000 0.01464844 0.01400000
3 0.56591797 0.56400000 0.01074219 0.01600000
3 0.34130859 0.56750000 0.01855469 0.01900000
3 0.19677734 0.64800000 0.01660156 0.01600000
3 0.13476562 0.58700000 0.01562500 0.02000000
3 0.72705078 0.98600000 0.01660156 0.01400000
3 0.39794922 0.92600000 0.01855469 0.01800000
3 0.61718750 0.90850000 0.01757812 0.01700000
3 0.71533203 0.74200000 0.01660156 0.01600000
3 0.43408203 0.77250000 0.01464844 0.02100000
3 0.27783203 0.74000000 0.01464844 0.02000000
3 0.25585938 0.85550000 0.01757812 0.01300000
3 0.48486328 0.88050000 0.01269531 0.01500000
3 0.65283203 0.80450000 0.01269531 0.01700000
3 0.08154297 0.56250000 0.01464844 0.02100000
3 0.02880859 0.40200000 0.01660156 0.02000000
3 0.02783203 0.37900000 0.02050781 0.01800000
3 0.06933594 0.47100000 0.01757812 0.02200000
3 0.91210938 0.24500000 0.01757812 0.01400000
3 0.88964844 0.23750000 0.01367188 0.01500000
3 0.78271484 0.28750000 0.01855469 0.01700000
3 0.98730469 0.17350000 0.01562500 0.01500000
3 0.64648438 0.13750000 0.01171875 0.01900000
3 0.36914062 0.08050000 0.01757812 0.02100000
3 0.18115234 0.03850000 0.02050781 0.01700000
3 0.28369141 0.30250000 0.01855469 0.01700000
3 0.52880859 0.02350000 0.01855469 0.01700000
3 0.78955078 0.05450000 0.01855469 0.01500000
3 0.78076172 0.10200000 0.01074219 0.01400000
3 0.77050781 0.08750000 0.01367188 0.01100000
3 0.46386719 0.02650000 0.01757812 0.01500000
3 0.39013672 0.08800000 0.01464844 0.01200000
3 0.23291016 0.09250000 0.01269531 0.01300000
3 0.20312500 0.15500000 0.01367188 0.01400000
3 0.83496094 0.01400000 0.01562500 0.01800000
