4 0.44750000 0.65722656 0.02700000 0.02148438
4 0.53500000 0.53857422 0.01800000 0.02050781
4 0.46100000 0.77880859 0.01800000 0.02246094
4 0.39450000 0.76123047 0.02500000 0.02832031
4 0.64250000 0.11669922 0.02300000 0.02050781
3 0.58950000 0.15625000 0.02300000 0.01953125
4 0.85700000 0.68554688 0.02200000 0.02148438
3 0.76800000 0.88916016 0.01600000 0.01855469
4 0.80050000 0.99023438 0.01900000 0.01562500
3 0.82300000 0.96582031 0.01400000 0.01953125
3 0.68450000 0.41943359 0.01700000 0.01855469
3 0.83900000 0.39746094 0.02000000 0.01757812
3 0.83450000 0.36718750 0.01300000 0.01757812
3 0.70150000 0.25292969 0.01900000 0.01953125
3 0.37250000 0.87695312 0.02100000 0.01171875
3 0.29450000 0.96191406 0.01900000 0.01757812
3 0.33050000 0.61425781 0.01900000 0.01757812
3 0.35850000 0.50830078 0.01700000 0.01855469
3 0.28600000 0.48535156 0.01600000 0.01562500
3 0.26250000 0.43115234 0.01700000 0.01464844
3 0.26250000 0.40625000 0.01700000 0.01953125
3 0.60600000 0.35205078 0.01400000 0.01464844
3 0.56400000 0.43408203 0.01600000 0.01074219
3 0.56750000 0.65869141 0.01900000 0.01855469
3 0.64800000 0.80322266 0.01600000 0.01660156
3 0.58700000 0.86523438 0.02000000 0.01562500
3 0.98600000 0.27294922 0.01400000 0.01660156
3 0.92600000 0.60205078 0.01800000 0.01855469
3 0.90850000 0.38281250 0.01700000 0.01757812
3 0.74200000 0.28466797 0.01600000 0.01660156
3 0.77250000 0.56591797 0.02100000 0.01464844
3 0.74000000 0.72216797 0.02000000 0.01464844
3 0.85550000 0.74414062 0.01300000 0.01757812
3 0.88050000 0.51513672 0.01500000 0.01269531
3 0.80450000 0.34716797 0.01700000 0.01269531
3 0.56250000 0.91845703 0.02100000 0.01464844
3 0.40200000 0.97119141 0.02000000 0.01660156
3 0.37900000 0.97216797 0.01800000 0.02050781
3 0.47100000 0.93066406 0.02200000 0.01757812
3 0.24500000 0.08789062 0.01400000 0.01757812
3 0.23750000 0.11035156 0.01500000 0.01367188
3 0.28750000 0.21728516 0.01700000 0.01855469
3 0.17350000 0.01269531 0.01500000 0.01562500
3 0.13750000 0.35351562 0.01900000 0.01171875
3 0.08050000 0.63085938 0.02100000 0.01757812
3 0.03850000 0.81884766 0.01700000 0.02050781
3 0.30250000 0.71630859 0.01700000 0.01855469
3 0.02350000 0.47119141 0.01700000 0.01855469
3 0.05450000 0.21044922 0.01500000 0.01855469
3 0.10200000 0.21923828 0.01400000 0.01074219
3 0.08750000 0.22949219 0.01100000 0.01367188
3 0.02650000 0.53613281 0.01500000 0.01757812
3 0.08800000 0.60986328 0.01200000 0.01464844
3 0.09250000 0.76708984 0.01300000 0.01269531
3 0.15500000 0.79687500 0.01400000 0.01367188
3 0.01400000 0.16503906 0.01800000 0.01562500
