4 0.65722656 0.55250000 0.02148438 0.02700000
4 0.53857422 0.46500000 0.02050781 0.01800000
4 0.77880859 0.53900000 0.02246094 0.01800000
4 0.76123047 0.60550000 0.02832031 0.02500000
4 0.11669922 0.35750000 0.02050781 0.02300000
3 0.15625000 0.41050000 0.01953125 0.02300000
4 0.68554688 0.14300000 0.02148438 0.02200000
3 0.88916016 0.23200000 0.01855469 0.01600000
4 0.99023438 0.19950000 0.01562500 0.01900000
3 0.96582031 0.17700000 0.01953125 0.01400000
3 0.41943359 0.31550000 0.01855469 0.01700000
3 0.39746094 0.16100000 0.01757812 0.02000000
3 0.36718750 0.16550000 0.01757812 0.01300000
3 0.25292969 0.29850000 0.01953125 0.01900000
3 0.87695312 0.62750000 0.01171875 0.02100000
3 0.96191406 0.70550000 0.01757812 0.01900000
3 0.61425781 0.66950000 0.01757812 0.01900000
3 0.50830078 0.64150000 0.01855469 0.01700000
3 0.48535156 0.71400000 0.01562500 0.01600000
3 0.43115234 0.73750000 0.01464844 0.01700000
3 0.40625000 0.73750000 0.01953125 0.01700000
3 0.35205078 0.39400000 0.01464844 0.01400000
3 0.43408203 0.43600000 0.01074219 0.01600000
3 0.65869141 0.43250000 0.01855469 0.01900000
3 0.80322266 0.35200000 0.01660156 0.01600000
3 0.86523438 0.41300000 0.01562500 0.02000000
3 0.27294922 0.01400000 0.01660156 0.01400000
3 0.60205078 0.07400000 0.01855469 0.01800000
3 0.38281250 0.09150000 0.01757812 0.01700000
3 0.28466797 0.25800000 0.01660156 0.01600000
3 0.56591797 0.22750000 0.01464844 0.02100000
3 0.72216797 0.26000000 0.01464844 0.02000000
3 0.74414062 0.14450000 0.01757812 0.01300000
3 0.51513672 0.11950000 0.01269531 0.01500000
3 0.34716797 0.19550000 0.01269531 0.01700000
3 0.91845703 0.43750000 0.01464844 0.02100000
3 0.97119141 0.59800000 0.01660156 0.02000000
3 0.97216797 0.62100000 0.02050781 0.01800000
3 0.93066406 0.52900000 0.01757812 0.02200000
3 0.08789062 0.75500000 0.01757812 0.01400000
3 0.11035156 0.76250000 0.01367188 0.01500000
3 0.21728516 0.71250000 0.01855469 0.01700000
3 0.01269531 0.82650000 0.01562500 0.01500000
3 0.35351562 0.86250000 0.01171875 0.01900000
3 0.63085938 0.91950000 0.01757812 0.02100000
3 0.81884766 0.96150000 0.02050781 0.01700000
3 0.71630859 0.69750000 0.01855469 0.01700000
3 0.47119141 0.97650000 0.01855469 0.01700000
3 0.21044922 0.94550000 0.01855469 0.01500000
3 0.21923828 0.89800000 0.01074219 0.01400000
3 0.22949219 0.91250000 0.01367188 0.01100000
3 0.53613281 0.97350000 0.01757812 0.01500000
3 0.60986328 0.91200000 0.01464844 0.01200000
3 0.76708984 0.90750000 0.01269531 0.01300000
3 0.79687500 0.84500000 0.01367188 0.01400000
3 0.16503906 0.98600000 0.01562500 0.01800000
