2 0.01700000 0.89257812 0.03400000 0.03710938
2 0.07200000 0.68505859 0.04200000 0.03417969
2 0.15450000 0.58398438 0.03300000 0.03515625
2 0.27750000 0.75781250 0.11300000 0.08203125
2 0.33200000 0.93261719 0.06600000 0.07226562
2 0.38950000 0.63916016 0.05300000 0.03222656
2 0.38050000 0.54589844 0.03700000 0.04492188
2 0.70900000 0.97802734 0.03600000 0.04199219
2 0.71600000 0.85351562 0.08400000 0.06640625
2 0.70650000 0.63916016 0.02900000 0.04394531
2 0.76750000 0.67626953 0.02500000 0.02246094
2 0.75000000 0.64404297 0.02400000 0.02832031
2 0.96200000 0.79882812 0.06600000 0.04101562
2 0.90350000 0.64599609 0.02700000 0.02832031
2 0.70550000 0.22216797 0.04300000 0.04589844
2 0.75150000 0.07568359 0.02500000 0.03222656
2 0.88850000 0.11621094 0.03900000 0.03320312
2 0.76700000 0.30419922 0.04400000 0.02636719
2 0.81000000 0.27929688 0.04200000 0.02929688
2 0.53400000 0.62597656 0.03000000 0.02343750
2 0.46650000 0.51757812 0.02100000 0.02539062
2 0.51150000 0.51416016 0.05500000 0.04003906
2 0.38250000 0.29687500 0.02900000 0.03125000
2 0.38150000 0.13378906 0.05100000 0.03125000
2 0.42750000 0.01660156 0.04900000 0.02734375
2 0.23700000 0.32373047 0.02800000 0.02246094
2 0.06200000 0.99316406 0.01800000 0.01171875
2 0.02900000 0.47119141 0.02200000 0.02246094
2 0.10450000 0.43896484 0.02700000 0.03027344
2 0.02350000 0.37792969 0.03500000 0.04492188
2 0.05750000 0.29687500 0.03300000 0.03515625
2 0.11700000 0.20800781 0.03000000 0.02148438
2 0.11250000 0.16992188 0.02900000 0.03515625
2 0.13400000 0.14111328 0.05000000 0.02636719
