2 0.19384766 0.63900000 0.04394531 0.05000000
2 0.38574219 0.72800000 0.04296875 0.04000000
2 0.45507812 0.86850000 0.04296875 0.04500000
2 0.68115234 0.97600000 0.05566406 0.04000000
2 0.69287109 0.84900000 0.04785156 0.04000000
2 0.60888672 0.74250000 0.02246094 0.02300000
2 0.62451172 0.71700000 0.02246094 0.03600000
2 0.66503906 0.57050000 0.04687500 0.03900000
2 0.74462891 0.52200000 0.03222656 0.03000000
2 0.68457031 0.47800000 0.03515625 0.04600000
2 0.41552734 0.64800000 0.04199219 0.04400000
2 0.47314453 0.56750000 0.04589844 0.04500000
2 0.37353516 0.61350000 0.03417969 0.03900000
2 0.36572266 0.56550000 0.02441406 0.02300000
2 0.16943359 0.58450000 0.04003906 0.03500000
2 0.05908203 0.46700000 0.02050781 0.02800000
2 0.05273438 0.44150000 0.02343750 0.02300000
2 0.43505859 0.31150000 0.02441406 0.02100000
2 0.45605469 0.24000000 0.02343750 0.02600000
2 0.85351562 0.18900000 0.02929688 0.03400000
2 0.71093750 0.01400000 0.01757812 0.01800000
2 0.82714844 0.01850000 0.04492188 0.02700000
2 0.13427734 0.23950000 0.04003906 0.03700000
2 0.15722656 0.19850000 0.01757812 0.02700000
2 0.16113281 0.12950000 0.02734375 0.04100000
2 0.07763672 0.11500000 0.04785156 0.05200000
2 0.14941406 0.97800000 0.02343750 0.02600000
