2 0.10742188 0.01700000 0.03710938 0.03400000
2 0.31494141 0.07200000 0.03417969 0.04200000
2 0.41601562 0.15450000 0.03515625 0.03300000
2 0.24218750 0.27750000 0.08203125 0.11300000
2 0.06738281 0.33200000 0.07226562 0.06600000
2 0.36083984 0.38950000 0.03222656 0.05300000
2 0.45410156 0.38050000 0.04492188 0.03700000
2 0.02197266 0.70900000 0.04199219 0.03600000
2 0.14648438 0.71600000 0.06640625 0.08400000
2 0.36083984 0.70650000 0.04394531 0.02900000
2 0.32373047 0.76750000 0.02246094 0.02500000
2 0.35595703 0.75000000 0.02832031 0.02400000
2 0.20117188 0.96200000 0.04101562 0.06600000
2 0.35400391 0.90350000 0.02832031 0.02700000
2 0.77783203 0.70550000 0.04589844 0.04300000
2 0.92431641 0.75150000 0.03222656 0.02500000
2 0.88378906 0.88850000 0.03320312 0.03900000
2 0.69580078 0.76700000 0.02636719 0.04400000
2 0.72070312 0.81000000 0.02929688 0.04200000
2 0.37402344 0.53400000 0.02343750 0.03000000
2 0.48242188 0.46650000 0.02539062 0.02100000
2 0.48583984 0.51150000 0.04003906 0.05500000
2 0.70312500 0.38250000 0.03125000 0.02900000
2 0.86621094 0.38150000 0.03125000 0.05100000
2 0.98339844 0.42750000 0.02734375 0.04900000
2 0.67626953 0.23700000 0.02246094 0.02800000
2 0.00683594 0.06200000 0.01171875 0.01800000
2 0.52880859 0.02900000 0.02246094 0.02200000
2 0.56103516 0.10450000 0.03027344 0.02700000
2 0.62207031 0.02350000 0.04492188 0.03500000
2 0.70312500 0.05750000 0.03515625 0.03300000
2 0.79199219 0.11700000 0.02148438 0.03000000
2 0.83007812 0.11250000 0.03515625 0.02900000
2 0.85888672 0.13400000 0.02636719 0.05000000
