2 0.90429688 0.08100000 0.05468750 0.03800000
2 0.75439453 0.11000000 0.03027344 0.03200000
2 0.97558594 0.14950000 0.04687500 0.04500000
2 0.85742188 0.19150000 0.05468750 0.04500000
2 0.78564453 0.24450000 0.02441406 0.03700000
2 0.75927734 0.24450000 0.03417969 0.06500000
2 0.81445312 0.32400000 0.05664062 0.05800000
2 0.89257812 0.39550000 0.07226562 0.07700000
2 0.94433594 0.36800000 0.03320312 0.04200000
2 0.86621094 0.52050000 0.03320312 0.03500000
2 0.77246094 0.60700000 0.02148438 0.04000000
2 0.72070312 0.64150000 0.02539062 0.02700000
2 0.80419922 0.75900000 0.04785156 0.07400000
2 0.52734375 0.75750000 0.03710938 0.04900000
2 0.42089844 0.74350000 0.02539062 0.03900000
2 0.34960938 0.65050000 0.03125000 0.03500000
2 0.45214844 0.45250000 0.04687500 0.05700000
2 0.47705078 0.22950000 0.03417969 0.05100000
2 0.32568359 0.22200000 0.06152344 0.06200000
2 0.14794922 0.23700000 0.04394531 0.04200000
2 0.41552734 0.08550000 0.02636719 0.02900000
2 0.43359375 0.13300000 0.04101562 0.02600000
2 0.23632812 0.04700000 0.11523438 0.09000000
2 0.17480469 0.06700000 0.01367188 0.02400000
2 0.17773438 0.18150000 0.01953125 0.02500000
2 0.08251953 0.34850000 0.04980469 0.04500000
2 0.21923828 0.36750000 0.02636719 0.01900000
2 0.17822266 0.38700000 0.04980469 0.05800000
2 0.05566406 0.44300000 0.04101562 0.03600000
2 0.11914062 0.46000000 0.01953125 0.02200000
2 0.09619141 0.48300000 0.01660156 0.02000000
2 0.17529297 0.50450000 0.01855469 0.02500000
2 0.26416016 0.44250000 0.04003906 0.03700000
2 0.22607422 0.46950000 0.04589844 0.04900000
2 0.50976562 0.56650000 0.01757812 0.01700000
2 0.57519531 0.75250000 0.01367188 0.01900000
2 0.47363281 0.88100000 0.03710938 0.05800000
2 0.67138672 0.89150000 0.03808594 0.03500000
2 0.54687500 0.96850000 0.02539062 0.03500000
2 0.77685547 0.83900000 0.02441406 0.04600000
2 0.74902344 0.91550000 0.01757812 0.01900000
2 0.79394531 0.96250000 0.01562500 0.02700000
2 0.90527344 0.78500000 0.03320312 0.04000000
2 0.97851562 0.86250000 0.02539062 0.02500000
2 0.95117188 0.88400000 0.02539062 0.03000000
2 0.89648438 0.02200000 0.02148438 0.02600000
