2 0.91900000 0.09570312 0.03800000 0.05468750
2 0.89000000 0.24560547 0.03200000 0.03027344
2 0.85050000 0.02441406 0.04500000 0.04687500
2 0.80850000 0.14257812 0.04500000 0.05468750
2 0.75550000 0.21435547 0.03700000 0.02441406
2 0.75550000 0.24072266 0.06500000 0.03417969
2 0.67600000 0.18554688 0.05800000 0.05664062
2 0.60450000 0.10742188 0.07700000 0.07226562
2 0.63200000 0.05566406 0.04200000 0.03320312
2 0.47950000 0.13378906 0.03500000 0.03320312
2 0.39300000 0.22753906 0.04000000 0.02148438
2 0.35850000 0.27929688 0.02700000 0.02539062
2 0.24100000 0.19580078 0.07400000 0.04785156
2 0.24250000 0.47265625 0.04900000 0.03710938
2 0.25650000 0.57910156 0.03900000 0.02539062
2 0.34950000 0.65039062 0.03500000 0.03125000
2 0.54750000 0.54785156 0.05700000 0.04687500
2 0.77050000 0.52294922 0.05100000 0.03417969
2 0.77800000 0.67431641 0.06200000 0.06152344
2 0.76300000 0.85205078 0.04200000 0.04394531
2 0.91450000 0.58447266 0.02900000 0.02636719
2 0.86700000 0.56640625 0.02600000 0.04101562
2 0.95300000 0.76367188 0.09000000 0.11523438
2 0.93300000 0.82519531 0.02400000 0.01367188
2 0.81850000 0.82226562 0.02500000 0.01953125
2 0.65150000 0.91748047 0.04500000 0.04980469
2 0.63250000 0.78076172 0.01900000 0.02636719
2 0.61300000 0.82177734 0.05800000 0.04980469
2 0.55700000 0.94433594 0.03600000 0.04101562
2 0.54000000 0.88085938 0.02200000 0.01953125
2 0.51700000 0.90380859 0.02000000 0.01660156
2 0.49550000 0.82470703 0.02500000 0.01855469
2 0.55750000 0.73583984 0.03700000 0.04003906
2 0.53050000 0.77392578 0.04900000 0.04589844
2 0.43350000 0.49023438 0.01700000 0.01757812
2 0.24750000 0.42480469 0.01900000 0.01367188
2 0.11900000 0.52636719 0.05800000 0.03710938
2 0.10850000 0.32861328 0.03500000 0.03808594
2 0.03150000 0.45312500 0.03500000 0.02539062
2 0.16100000 0.22314453 0.04600000 0.02441406
2 0.08450000 0.25097656 0.01900000 0.01757812
2 0.03750000 0.20605469 0.02700000 0.01562500
2 0.21500000 0.09472656 0.04000000 0.03320312
2 0.13750000 0.02148438 0.02500000 0.02539062
2 0.11600000 0.04882812 0.03000000 0.02539062
2 0.97800000 0.10351562 0.02600000 0.02148438
