2 0.09570312 0.08100000 0.05468750 0.03800000
2 0.24560547 0.11000000 0.03027344 0.03200000
2 0.02441406 0.14950000 0.04687500 0.04500000
2 0.14257812 0.19150000 0.05468750 0.04500000
2 0.21435547 0.24450000 0.02441406 0.03700000
2 0.24072266 0.24450000 0.03417969 0.06500000
2 0.18554688 0.32400000 0.05664062 0.05800000
2 0.10742188 0.39550000 0.07226562 0.07700000
2 0.05566406 0.36800000 0.03320312 0.04200000
2 0.13378906 0.52050000 0.03320312 0.03500000
2 0.22753906 0.60700000 0.02148438 0.04000000
2 0.27929688 0.64150000 0.02539062 0.02700000
2 0.19580078 0.75900000 0.04785156 0.07400000
2 0.47265625 0.75750000 0.03710938 0.04900000
2 0.57910156 0.74350000 0.02539062 0.03900000
2 0.65039062 0.65050000 0.03125000 0.03500000
2 0.54785156 0.45250000 0.04687500 0.05700000
2 0.52294922 0.22950000 0.03417969 0.05100000
2 0.67431641 0.22200000 0.06152344 0.06200000
2 0.85205078 0.23700000 0.04394531 0.04200000
2 0.58447266 0.08550000 0.02636719 0.02900000
2 0.56640625 0.13300000 0.04101562 0.02600000
2 0.76367188 0.04700000 0.11523438 0.09000000
2 0.82519531 0.06700000 0.01367188 0.02400000
2 0.82226562 0.18150000 0.01953125 0.02500000
2 0.91748047 0.34850000 0.04980469 0.04500000
2 0.78076172 0.36750000 0.02636719 0.01900000
2 0.82177734 0.38700000 0.04980469 0.05800000
2 0.94433594 0.44300000 0.04101562 0.03600000
2 0.88085938 0.46000000 0.01953125 0.02200000
2 0.90380859 0.48300000 0.01660156 0.02000000
2 0.82470703 0.50450000 0.01855469 0.02500000
2 0.73583984 0.44250000 0.04003906 0.03700000
2 0.77392578 0.46950000 0.04589844 0.04900000
2 0.49023438 0.56650000 0.01757812 0.01700000
2 0.42480469 0.75250000 0.01367188 0.01900000
2 0.52636719 0.88100000 0.03710938 0.05800000
2 0.32861328 0.89150000 0.03808594 0.03500000
2 0.45312500 0.96850000 0.02539062 0.03500000
2 0.22314453 0.83900000 0.02441406 0.04600000
2 0.25097656 0.91550000 0.01757812 0.01900000
2 0.20605469 0.96250000 0.01562500 0.02700000
2 0.09472656 0.78500000 0.03320312 0.04000000
2 0.02148438 0.86250000 0.02539062 0.02500000
2 0.04882812 0.88400000 0.02539062 0.03000000
2 0.10351562 0.02200000 0.02148438 0.02600000
