2 0.19384766 0.36100000 0.04394531 0.05000000
2 0.38574219 0.27200000 0.04296875 0.04000000
2 0.45507812 0.13150000 0.04296875 0.04500000
2 0.68115234 0.02400000 0.05566406 0.04000000
2 0.69287109 0.15100000 0.04785156 0.04000000
2 0.60888672 0.25750000 0.02246094 0.02300000
2 0.62451172 0.28300000 0.02246094 0.03600000
2 0.66503906 0.42950000 0.04687500 0.03900000
2 0.74462891 0.47800000 0.03222656 0.03000000
2 0.68457031 0.52200000 0.03515625 0.04600000
2 0.41552734 0.35200000 0.04199219 0.04400000
2 0.47314453 0.43250000 0.04589844 0.04500000
2 0.37353516 0.38650000 0.03417969 0.03900000
2 0.36572266 0.43450000 0.02441406 0.02300000
2 0.16943359 0.41550000 0.04003906 0.03500000
2 0.05908203 0.53300000 0.02050781 0.02800000
2 0.05273438 0.55850000 0.02343750 0.02300000
2 0.43505859 0.68850000 0.02441406 0.02100000
2 0.45605469 0.76000000 0.02343750 0.02600000
2 0.85351562 0.81100000 0.02929688 0.03400000
2 0.71093750 0.98600000 0.01757812 0.01800000
2 0.82714844 0.98150000 0.04492188 0.02700000
2 0.13427734 0.76050000 0.04003906 0.03700000
2 0.15722656 0.80150000 0.01757812 0.02700000
2 0.16113281 0.87050000 0.02734375 0.04100000
2 0.07763672 0.88500000 0.04785156 0.05200000
2 0.14941406 0.02200000 0.02343750 0.02600000
