2 0.88476562 0.78400000 0.03320312 0.03800000
2 0.87011719 0.51000000 0.04101562 0.03000000
2 0.95898438 0.40800000 0.02734375 0.03800000
2 0.68408203 0.38550000 0.03417969 0.02900000
2 0.57519531 0.29450000 0.08007812 0.10100000
2 0.39062500 0.79100000 0.02148438 0.02600000
2 0.17871094 0.94550000 0.07812500 0.10300000
2 0.08105469 0.83400000 0.05664062 0.04800000
2 0.10302734 0.64150000 0.06542969 0.04500000
2 0.33593750 0.59500000 0.03710938 0.03400000
2 0.32031250 0.42450000 0.03125000 0.03700000
2 0.05712891 0.50050000 0.02636719 0.02700000
2 0.22265625 0.17950000 0.03125000 0.03700000
2 0.11083984 0.13950000 0.04394531 0.05900000
2 0.05273438 0.12400000 0.03515625 0.03400000
2 0.37255859 0.02800000 0.02050781 0.02200000
