2 0.90429688 0.91900000 0.05468750 0.03800000
2 0.75439453 0.89000000 0.03027344 0.03200000
2 0.97558594 0.85050000 0.04687500 0.04500000
2 0.85742188 0.80850000 0.05468750 0.04500000
2 0.78564453 0.75550000 0.02441406 0.03700000
2 0.75927734 0.75550000 0.03417969 0.06500000
2 0.81445312 0.67600000 0.05664062 0.05800000
2 0.89257812 0.60450000 0.07226562 0.07700000
2 0.94433594 0.63200000 0.03320312 0.04200000
2 0.86621094 0.47950000 0.03320312 0.03500000
2 0.77246094 0.39300000 0.02148438 0.04000000
2 0.72070312 0.35850000 0.02539062 0.02700000
2 0.80419922 0.24100000 0.04785156 0.07400000
2 0.52734375 0.24250000 0.03710938 0.04900000
2 0.42089844 0.25650000 0.02539062 0.03900000
2 0.34960938 0.34950000 0.03125000 0.03500000
2 0.45214844 0.54750000 0.04687500 0.05700000
2 0.47705078 0.77050000 0.03417969 0.05100000
2 0.32568359 0.77800000 0.06152344 0.06200000
2 0.14794922 0.76300000 0.04394531 0.04200000
2 0.41552734 0.91450000 0.02636719 0.02900000
2 0.43359375 0.86700000 0.04101562 0.02600000
2 0.23632812 0.95300000 0.11523438 0.09000000
2 0.17480469 0.93300000 0.01367188 0.02400000
2 0.17773438 0.81850000 0.01953125 0.02500000
2 0.08251953 0.65150000 0.04980469 0.04500000
2 0.21923828 0.63250000 0.02636719 0.01900000
2 0.17822266 0.61300000 0.04980469 0.05800000
2 0.05566406 0.55700000 0.04101562 0.03600000
2 0.11914062 0.54000000 0.01953125 0.02200000
2 0.09619141 0.51700000 0.01660156 0.02000000
2 0.17529297 0.49550000 0.01855469 0.02500000
2 0.26416016 0.55750000 0.04003906 0.03700000
2 0.22607422 0.53050000 0.04589844 0.04900000
2 0.50976562 0.43350000 0.01757812 0.01700000
2 0.57519531 0.24750000 0.01367188 0.01900000
2 0.47363281 0.11900000 0.03710938 0.05800000
2 0.67138672 0.10850000 0.03808594 0.03500000
2 0.54687500 0.03150000 0.02539062 0.03500000
2 0.77685547 0.16100000 0.02441406 0.04600000
2 0.74902344 0.08450000 0.01757812 0.01900000
2 0.79394531 0.03750000 0.01562500 0.02700000
2 0.90527344 0.21500000 0.03320312 0.04000000
2 0.97851562 0.13750000 0.02539062 0.02500000
2 0.95117188 0.11600000 0.02539062 0.03000000
2 0.89648438 0.97800000 0.02148438 0.02600000
