2 0.11523438 0.21600000 0.03320312 0.03800000
2 0.12988281 0.49000000 0.04101562 0.03000000
2 0.04101562 0.59200000 0.02734375 0.03800000
2 0.31591797 0.61450000 0.03417969 0.02900000
2 0.42480469 0.70550000 0.08007812 0.10100000
2 0.60937500 0.20900000 0.02148438 0.02600000
2 0.82128906 0.05450000 0.07812500 0.10300000
2 0.91894531 0.16600000 0.05664062 0.04800000
2 0.89697266 0.35850000 0.06542969 0.04500000
2 0.66406250 0.40500000 0.03710938 0.03400000
2 0.67968750 0.57550000 0.03125000 0.03700000
2 0.94287109 0.49950000 0.02636719 0.02700000
2 0.77734375 0.82050000 0.03125000 0.03700000
2 0.88916016 0.86050000 0.04394531 0.05900000
2 0.94726562 0.87600000 0.03515625 0.03400000
2 0.62744141 0.97200000 0.02050781 0.02200000
