2 0.46875000 0.69500000 0.03906250 0.06400000
2 0.35986328 0.33450000 0.03808594 0.05500000
2 0.21337891 0.36550000 0.04785156 0.07900000
2 0.07861328 0.35950000 0.03417969 0.04300000
2 0.02636719 0.65200000 0.03320312 0.04200000
2 0.35253906 0.64500000 0.04296875 0.04800000
2 0.31298828 0.66350000 0.05371094 0.04100000
2 0.40380859 0.88750000 0.06542969 0.09300000
2 0.51220703 0.84600000 0.03417969 0.05200000
2 0.56542969 0.89100000 0.02929688 0.03000000
2 0.79150391 0.86800000 0.05957031 0.06400000
2 0.85498047 0.79450000 0.08691406 0.05700000
2 0.87158203 0.72350000 0.03417969 0.02700000
2 0.97900391 0.75950000 0.03613281 0.05500000
2 0.80664062 0.45400000 0.04101562 0.05000000
2 0.74951172 0.49550000 0.03222656 0.04700000
2 0.73242188 0.70450000 0.01953125 0.02900000
2 0.11474609 0.91550000 0.02636719 0.02900000
2 0.13232422 0.73200000 0.03027344 0.03200000
2 0.45019531 0.21800000 0.02148438 0.02800000
2 0.52392578 0.04100000 0.02636719 0.04000000
2 0.77929688 0.04900000 0.05078125 0.04200000
2 0.80419922 0.09950000 0.01464844 0.04500000
2 0.77685547 0.19700000 0.04589844 0.04600000
2 0.94335938 0.17450000 0.03125000 0.05100000
2 0.75390625 0.36550000 0.06250000 0.04900000
2 0.73974609 0.30950000 0.02441406 0.03900000
2 0.83300781 0.27700000 0.05273438 0.07400000
2 0.82958984 0.33050000 0.01855469 0.03300000
2 0.88867188 0.32750000 0.04101562 0.07500000
2 0.70507812 0.51300000 0.01367188 0.02400000
2 0.77685547 0.58900000 0.04785156 0.05600000
2 0.83300781 0.60950000 0.03906250 0.05900000
2 0.88330078 0.61800000 0.04980469 0.05400000
2 0.85888672 0.64400000 0.01660156 0.01800000
2 0.95410156 0.67500000 0.02148438 0.03000000
2 0.91162109 0.59250000 0.02050781 0.03300000
2 0.88720703 0.57850000 0.02050781 0.02300000
2 0.90039062 0.51950000 0.02929688 0.02700000
2 0.89794922 0.94150000 0.03613281 0.03700000
2 0.80126953 0.96400000 0.03222656 0.04200000
2 0.51269531 0.89750000 0.02929688 0.03500000
2 0.48046875 0.89650000 0.03125000 0.02900000
2 0.96435547 0.35700000 0.05761719 0.07400000
2 0.95214844 0.43300000 0.02734375 0.04400000
2 0.90136719 0.39950000 0.06640625 0.09900000
2 0.72363281 0.11800000 0.02148438 0.02800000
