2 0.46875000 0.30500000 0.03906250 0.06400000
2 0.35986328 0.66550000 0.03808594 0.05500000
2 0.21337891 0.63450000 0.04785156 0.07900000
2 0.07861328 0.64050000 0.03417969 0.04300000
2 0.02636719 0.34800000 0.03320312 0.04200000
2 0.35253906 0.35500000 0.04296875 0.04800000
2 0.31298828 0.33650000 0.05371094 0.04100000
2 0.40380859 0.11250000 0.06542969 0.09300000
2 0.51220703 0.15400000 0.03417969 0.05200000
2 0.56542969 0.10900000 0.02929688 0.03000000
2 0.79150391 0.13200000 0.05957031 0.06400000
2 0.85498047 0.20550000 0.08691406 0.05700000
2 0.87158203 0.27650000 0.03417969 0.02700000
2 0.97900391 0.24050000 0.03613281 0.05500000
2 0.80664062 0.54600000 0.04101562 0.05000000
2 0.74951172 0.50450000 0.03222656 0.04700000
2 0.73242188 0.29550000 0.01953125 0.02900000
2 0.11474609 0.08450000 0.02636719 0.02900000
2 0.13232422 0.26800000 0.03027344 0.03200000
2 0.45019531 0.78200000 0.02148438 0.02800000
2 0.52392578 0.95900000 0.02636719 0.04000000
2 0.77929688 0.95100000 0.05078125 0.04200000
2 0.80419922 0.90050000 0.01464844 0.04500000
2 0.77685547 0.80300000 0.04589844 0.04600000
2 0.94335938 0.82550000 0.03125000 0.05100000
2 0.75390625 0.63450000 0.06250000 0.04900000
2 0.73974609 0.69050000 0.02441406 0.03900000
2 0.83300781 0.72300000 0.05273438 0.07400000
2 0.82958984 0.66950000 0.01855469 0.03300000
2 0.88867188 0.67250000 0.04101562 0.07500000
2 0.70507812 0.48700000 0.01367188 0.02400000
2 0.77685547 0.41100000 0.04785156 0.05600000
2 0.83300781 0.39050000 0.03906250 0.05900000
2 0.88330078 0.38200000 0.04980469 0.05400000
2 0.85888672 0.35600000 0.01660156 0.01800000
2 0.95410156 0.32500000 0.02148438 0.03000000
2 0.91162109 0.40750000 0.02050781 0.03300000
2 0.88720703 0.42150000 0.02050781 0.02300000
2 0.90039062 0.48050000 0.02929688 0.02700000
2 0.89794922 0.05850000 0.03613281 0.03700000
2 0.80126953 0.03600000 0.03222656 0.04200000
2 0.51269531 0.10250000 0.02929688 0.03500000
2 0.48046875 0.10350000 0.03125000 0.02900000
2 0.96435547 0.64300000 0.05761719 0.07400000
2 0.95214844 0.56700000 0.02734375 0.04400000
2 0.90136719 0.60050000 0.06640625 0.09900000
2 0.72363281 0.88200000 0.02148438 0.02800000
