2 0.53125000 0.30500000 0.03906250 0.06400000
2 0.64013672 0.66550000 0.03808594 0.05500000
2 0.78662109 0.63450000 0.04785156 0.07900000
2 0.92138672 0.64050000 0.03417969 0.04300000
2 0.97363281 0.34800000 0.03320312 0.04200000
2 0.64746094 0.35500000 0.04296875 0.04800000
2 0.68701172 0.33650000 0.05371094 0.04100000
2 0.59619141 0.11250000 0.06542969 0.09300000
2 0.48779297 0.15400000 0.03417969 0.05200000
2 0.43457031 0.10900000 0.02929688 0.03000000
2 0.20849609 0.13200000 0.05957031 0.06400000
2 0.14501953 0.20550000 0.08691406 0.05700000
2 0.12841797 0.27650000 0.03417969 0.02700000
2 0.02099609 0.24050000 0.03613281 0.05500000
2 0.19335938 0.54600000 0.04101562 0.05000000
2 0.25048828 0.50450000 0.03222656 0.04700000
2 0.26757812 0.29550000 0.01953125 0.02900000
2 0.88525391 0.08450000 0.02636719 0.02900000
2 0.86767578 0.26800000 0.03027344 0.03200000
2 0.54980469 0.78200000 0.02148438 0.02800000
2 0.47607422 0.95900000 0.02636719 0.04000000
2 0.22070312 0.95100000 0.05078125 0.04200000
2 0.19580078 0.90050000 0.01464844 0.04500000
2 0.22314453 0.80300000 0.04589844 0.04600000
2 0.05664062 0.82550000 0.03125000 0.05100000
2 0.24609375 0.63450000 0.06250000 0.04900000
2 0.26025391 0.69050000 0.02441406 0.03900000
2 0.16699219 0.72300000 0.05273438 0.07400000
2 0.17041016 0.66950000 0.01855469 0.03300000
2 0.11132812 0.67250000 0.04101562 0.07500000
2 0.29492188 0.48700000 0.01367188 0.02400000
2 0.22314453 0.41100000 0.04785156 0.05600000
2 0.16699219 0.39050000 0.03906250 0.05900000
2 0.11669922 0.38200000 0.04980469 0.05400000
2 0.14111328 0.35600000 0.01660156 0.01800000
2 0.04589844 0.32500000 0.02148438 0.03000000
2 0.08837891 0.40750000 0.02050781 0.03300000
2 0.11279297 0.42150000 0.02050781 0.02300000
2 0.09960938 0.48050000 0.02929688 0.02700000
2 0.10205078 0.05850000 0.03613281 0.03700000
2 0.19873047 0.03600000 0.03222656 0.04200000
2 0.48730469 0.10250000 0.02929688 0.03500000
2 0.51953125 0.10350000 0.03125000 0.02900000
2 0.03564453 0.64300000 0.05761719 0.07400000
2 0.04785156 0.56700000 0.02734375 0.04400000
2 0.09863281 0.60050000 0.06640625 0.09900000
2 0.27636719 0.88200000 0.02148438 0.02800000
