2 0.63900000 0.19384766 0.05000000 0.04394531
2 0.72800000 0.38574219 0.04000000 0.04296875
2 0.86850000 0.45507812 0.04500000 0.04296875
2 0.97600000 0.68115234 0.04000000 0.05566406
2 0.84900000 0.69287109 0.04000000 0.04785156
2 0.74250000 0.60888672 0.02300000 0.02246094
2 0.71700000 0.62451172 0.03600000 0.02246094
2 0.57050000 0.66503906 0.03900000 0.04687500
2 0.52200000 0.74462891 0.03000000 0.03222656
2 0.47800000 0.68457031 0.04600000 0.03515625
2 0.64800000 0.41552734 0.04400000 0.04199219
2 0.56750000 0.47314453 0.04500000 0.04589844
2 0.61350000 0.37353516 0.03900000 0.03417969
2 0.56550000 0.36572266 0.02300000 0.02441406
2 0.58450000 0.16943359 0.03500000 0.04003906
2 0.46700000 0.05908203 0.02800000 0.02050781
2 0.44150000 0.05273438 0.02300000 0.02343750
2 0.31150000 0.43505859 0.02100000 0.02441406
2 0.24000000 0.45605469 0.02600000 0.02343750
2 0.18900000 0.85351562 0.03400000 0.02929688
2 0.01400000 0.71093750 0.01800000 0.01757812
2 0.01850000 0.82714844 0.02700000 0.04492188
2 0.23950000 0.13427734 0.03700000 0.04003906
2 0.19850000 0.15722656 0.02700000 0.01757812
2 0.12950000 0.16113281 0.04100000 0.02734375
2 0.11500000 0.07763672 0.05200000 0.04785156
2 0.97800000 0.14941406 0.02600000 0.02343750
