2 0.78400000 0.11523438 0.03800000 0.03320312
2 0.51000000 0.12988281 0.03000000 0.04101562
2 0.40800000 0.04101562 0.03800000 0.02734375
2 0.38550000 0.31591797 0.02900000 0.03417969
2 0.29450000 0.42480469 0.10100000 0.08007812
2 0.79100000 0.60937500 0.02600000 0.02148438
2 0.94550000 0.82128906 0.10300000 0.07812500
2 0.83400000 0.91894531 0.04800000 0.05664062
2 0.64150000 0.89697266 0.04500000 0.06542969
2 0.59500000 0.66406250 0.03400000 0.03710938
2 0.42450000 0.67968750 0.03700000 0.03125000
2 0.50050000 0.94287109 0.02700000 0.02636719
2 0.17950000 0.77734375 0.03700000 0.03125000
2 0.13950000 0.88916016 0.05900000 0.04394531
2 0.12400000 0.94726562 0.03400000 0.03515625
2 0.02800000 0.62744141 0.02200000 0.02050781
