2 0.11523438 0.78400000 0.03320312 0.03800000
2 0.12988281 0.51000000 0.04101562 0.03000000
2 0.04101562 0.40800000 0.02734375 0.03800000
2 0.31591797 0.38550000 0.03417969 0.02900000
2 0.42480469 0.29450000 0.08007812 0.10100000
2 0.60937500 0.79100000 0.02148438 0.02600000
2 0.82128906 0.94550000 0.07812500 0.10300000
2 0.91894531 0.83400000 0.05664062 0.04800000
2 0.89697266 0.64150000 0.06542969 0.04500000
2 0.66406250 0.59500000 0.03710938 0.03400000
2 0.67968750 0.42450000 0.03125000 0.03700000
2 0.94287109 0.50050000 0.02636719 0.02700000
2 0.77734375 0.17950000 0.03125000 0.03700000
2 0.88916016 0.13950000 0.04394531 0.05900000
2 0.94726562 0.12400000 0.03515625 0.03400000
2 0.62744141 0.02800000 0.02050781 0.02200000
