2 0.53125000 0.69500000 0.03906250 0.06400000
2 0.64013672 0.33450000 0.03808594 0.05500000
2 0.78662109 0.36550000 0.04785156 0.07900000
2 0.92138672 0.35950000 0.03417969 0.04300000
2 0.97363281 0.65200000 0.03320312 0.04200000
2 0.64746094 0.64500000 0.04296875 0.04800000
2 0.68701172 0.66350000 0.05371094 0.04100000
2 0.59619141 0.88750000 0.06542969 0.09300000
2 0.48779297 0.84600000 0.03417969 0.05200000
2 0.43457031 0.89100000 0.02929688 0.03000000
2 0.20849609 0.86800000 0.05957031 0.06400000
2 0.14501953 0.79450000 0.08691406 0.05700000
2 0.12841797 0.72350000 0.03417969 0.02700000
2 0.02099609 0.75950000 0.03613281 0.05500000
2 0.19335938 0.45400000 0.04101562 0.05000000
2 0.25048828 0.49550000 0.03222656 0.04700000
2 0.26757812 0.70450000 0.01953125 0.02900000
2 0.88525391 0.91550000 0.02636719 0.02900000
2 0.86767578 0.73200000 0.03027344 0.03200000
2 0.54980469 0.21800000 0.02148438 0.02800000
2 0.47607422 0.04100000 0.02636719 0.04000000
2 0.22070312 0.04900000 0.05078125 0.04200000
2 0.19580078 0.09950000 0.01464844 0.04500000
2 0.22314453 0.19700000 0.04589844 0.04600000
2 0.05664062 0.17450000 0.03125000 0.05100000
2 0.24609375 0.36550000 0.06250000 0.04900000
2 0.26025391 0.30950000 0.02441406 0.03900000
2 0.16699219 0.27700000 0.05273438 0.07400000
2 0.17041016 0.33050000 0.01855469 0.03300000
2 0.11132812 0.32750000 0.04101562 0.07500000
2 0.29492188 0.51300000 0.01367188 0.02400000
2 0.22314453 0.58900000 0.04785156 0.05600000
2 0.16699219 0.60950000 0.03906250 0.05900000
2 0.11669922 0.61800000 0.04980469 0.05400000
2 0.14111328 0.64400000 0.01660156 0.01800000
2 0.04589844 0.67500000 0.02148438 0.03000000
2 0.08837891 0.59250000 0.02050781 0.03300000
2 0.11279297 0.57850000 0.02050781 0.02300000
2 0.09960938 0.51950000 0.02929688 0.02700000
2 0.10205078 0.94150000 0.03613281 0.03700000
2 0.19873047 0.96400000 0.03222656 0.04200000
2 0.48730469 0.89750000 0.02929688 0.03500000
2 0.51953125 0.89650000 0.03125000 0.02900000
2 0.03564453 0.35700000 0.05761719 0.07400000
2 0.04785156 0.43300000 0.02734375 0.04400000
2 0.09863281 0.39950000 0.06640625 0.09900000
2 0.27636719 0.11800000 0.02148438 0.02800000
