2 0.36100000 0.80615234 0.05000000 0.04394531
2 0.27200000 0.61425781 0.04000000 0.04296875
2 0.13150000 0.54492188 0.04500000 0.04296875
2 0.02400000 0.31884766 0.04000000 0.05566406
2 0.15100000 0.30712891 0.04000000 0.04785156
2 0.25750000 0.39111328 0.02300000 0.02246094
2 0.28300000 0.37548828 0.03600000 0.02246094
2 0.42950000 0.33496094 0.03900000 0.04687500
2 0.47800000 0.25537109 0.03000000 0.03222656
2 0.52200000 0.31542969 0.04600000 0.03515625
2 0.35200000 0.58447266 0.04400000 0.04199219
2 0.43250000 0.52685547 0.04500000 0.04589844
2 0.38650000 0.62646484 0.03900000 0.03417969
2 0.43450000 0.63427734 0.02300000 0.02441406
2 0.41550000 0.83056641 0.03500000 0.04003906
2 0.53300000 0.94091797 0.02800000 0.02050781
2 0.55850000 0.94726562 0.02300000 0.02343750
2 0.68850000 0.56494141 0.02100000 0.02441406
2 0.76000000 0.54394531 0.02600000 0.02343750
2 0.81100000 0.14648438 0.03400000 0.02929688
2 0.98600000 0.28906250 0.01800000 0.01757812
2 0.98150000 0.17285156 0.02700000 0.04492188
2 0.76050000 0.86572266 0.03700000 0.04003906
2 0.80150000 0.84277344 0.02700000 0.01757812
2 0.87050000 0.83886719 0.04100000 0.02734375
2 0.88500000 0.92236328 0.05200000 0.04785156
2 0.02200000 0.85058594 0.02600000 0.02343750
