2 0.80615234 0.63900000 0.04394531 0.05000000
2 0.61425781 0.72800000 0.04296875 0.04000000
2 0.54492188 0.86850000 0.04296875 0.04500000
2 0.31884766 0.97600000 0.05566406 0.04000000
2 0.30712891 0.84900000 0.04785156 0.04000000
2 0.39111328 0.74250000 0.02246094 0.02300000
2 0.37548828 0.71700000 0.02246094 0.03600000
2 0.33496094 0.57050000 0.04687500 0.03900000
2 0.25537109 0.52200000 0.03222656 0.03000000
2 0.31542969 0.47800000 0.03515625 0.04600000
2 0.58447266 0.64800000 0.04199219 0.04400000
2 0.52685547 0.56750000 0.04589844 0.04500000
2 0.62646484 0.61350000 0.03417969 0.03900000
2 0.63427734 0.56550000 0.02441406 0.02300000
2 0.83056641 0.58450000 0.04003906 0.03500000
2 0.94091797 0.46700000 0.02050781 0.02800000
2 0.94726562 0.44150000 0.02343750 0.02300000
2 0.56494141 0.31150000 0.02441406 0.02100000
2 0.54394531 0.24000000 0.02343750 0.02600000
2 0.14648438 0.18900000 0.02929688 0.03400000
2 0.28906250 0.01400000 0.01757812 0.01800000
2 0.17285156 0.01850000 0.04492188 0.02700000
2 0.86572266 0.23950000 0.04003906 0.03700000
2 0.84277344 0.19850000 0.01757812 0.02700000
2 0.83886719 0.12950000 0.02734375 0.04100000
2 0.92236328 0.11500000 0.04785156 0.05200000
2 0.85058594 0.97800000 0.02343750 0.02600000
