2 0.88476562 0.21600000 0.03320312 0.03800000
2 0.87011719 0.49000000 0.04101562 0.03000000
2 0.95898438 0.59200000 0.02734375 0.03800000
2 0.68408203 0.61450000 0.03417969 0.02900000
2 0.57519531 0.70550000 0.08007812 0.10100000
2 0.39062500 0.20900000 0.02148438 0.02600000
2 0.17871094 0.05450000 0.07812500 0.10300000
2 0.08105469 0.16600000 0.05664062 0.04800000
2 0.10302734 0.35850000 0.06542969 0.04500000
2 0.33593750 0.40500000 0.03710938 0.03400000
2 0.32031250 0.57550000 0.03125000 0.03700000
2 0.05712891 0.49950000 0.02636719 0.02700000
2 0.22265625 0.82050000 0.03125000 0.03700000
2 0.11083984 0.86050000 0.04394531 0.05900000
2 0.05273438 0.87600000 0.03515625 0.03400000
2 0.37255859 0.97200000 0.02050781 0.02200000
