2 0.89257812 0.01700000 0.03710938 0.03400000
2 0.68505859 0.07200000 0.03417969 0.04200000
2 0.58398438 0.15450000 0.03515625 0.03300000
2 0.75781250 0.27750000 0.08203125 0.11300000
2 0.93261719 0.33200000 0.07226562 0.06600000
2 0.63916016 0.38950000 0.03222656 0.05300000
2 0.54589844 0.38050000 0.04492188 0.03700000
2 0.97802734 0.70900000 0.04199219 0.03600000
2 0.85351562 0.71600000 0.06640625 0.08400000
2 0.63916016 0.70650000 0.04394531 0.02900000
2 0.67626953 0.76750000 0.02246094 0.02500000
2 0.64404297 0.75000000 0.02832031 0.02400000
2 0.79882812 0.96200000 0.04101562 0.06600000
2 0.64599609 0.90350000 0.02832031 0.02700000
2 0.22216797 0.70550000 0.04589844 0.04300000
2 0.07568359 0.75150000 0.03222656 0.02500000
2 0.11621094 0.88850000 0.03320312 0.03900000
2 0.30419922 0.76700000 0.02636719 0.04400000
2 0.27929688 0.81000000 0.02929688 0.04200000
2 0.62597656 0.53400000 0.02343750 0.03000000
2 0.51757812 0.46650000 0.02539062 0.02100000
2 0.51416016 0.51150000 0.04003906 0.05500000
2 0.29687500 0.38250000 0.03125000 0.02900000
2 0.13378906 0.38150000 0.03125000 0.05100000
2 0.01660156 0.42750000 0.02734375 0.04900000
2 0.32373047 0.23700000 0.02246094 0.02800000
2 0.99316406 0.06200000 0.01171875 0.01800000
2 0.47119141 0.02900000 0.02246094 0.02200000
2 0.43896484 0.10450000 0.03027344 0.02700000
2 0.37792969 0.02350000 0.04492188 0.03500000
2 0.29687500 0.05750000 0.03515625 0.03300000
2 0.20800781 0.11700000 0.02148438 0.03000000
2 0.16992188 0.11250000 0.03515625 0.02900000
2 0.14111328 0.13400000 0.02636719 0.05000000
