2 0.89350000 0.23388672 0.02700000 0.02246094
2 0.83900000 0.24609375 0.07800000 0.06250000
2 0.72050000 0.35253906 0.02500000 0.03125000
2 0.61350000 0.44775391 0.02700000 0.03613281
2 0.74750000 0.89111328 0.03500000 0.02441406
2 0.56800000 0.02587891 0.02400000 0.03808594
2 0.46250000 0.16406250 0.06300000 0.03515625
2 0.42850000 0.37646484 0.03700000 0.03613281
2 0.37250000 0.13574219 0.04900000 0.04296875
2 0.15000000 0.08642578 0.02800000 0.04589844
2 0.01250000 0.07568359 0.01900000 0.02832031
2 0.20900000 0.26318359 0.03400000 0.03417969
2 0.26900000 0.32373047 0.05600000 0.05371094
2 0.20200000 0.52343750 0.03200000 0.04101562
2 0.26750000 0.66943359 0.04100000 0.03613281
2 0.26000000 0.73339844 0.02200000 0.01562500
2 0.24650000 0.77001953 0.04100000 0.03417969
2 0.29050000 0.93896484 0.04500000 0.06542969
2 0.45100000 0.01757812 0.05400000 0.03515625
2 0.41700000 0.04736328 0.04800000 0.03613281
2 0.38050000 0.04541016 0.03100000 0.02441406
