2 0.87695312 0.23800000 0.03125000 0.04000000
2 0.23828125 0.27100000 0.04101562 0.07000000
2 0.11572266 0.13200000 0.04394531 0.04600000
2 0.03710938 0.03600000 0.04101562 0.02800000
2 0.08691406 0.19300000 0.04492188 0.02600000
2 0.01855469 0.29850000 0.03125000 0.04700000
2 0.12158203 0.37150000 0.04785156 0.03900000
2 0.24658203 0.41500000 0.04394531 0.03600000
2 0.96289062 0.66750000 0.02929688 0.04100000
2 0.86816406 0.81200000 0.03710938 0.03400000
2 0.62695312 0.90400000 0.04882812 0.03400000
2 0.33593750 0.89200000 0.04101562 0.04600000
2 0.31884766 0.60250000 0.04394531 0.04100000
2 0.39160156 0.64450000 0.02539062 0.01900000
2 0.04980469 0.75850000 0.01757812 0.01900000
2 0.03320312 0.79250000 0.03125000 0.03100000
2 0.05761719 0.82200000 0.02148438 0.02200000
2 0.21923828 0.95900000 0.03417969 0.04000000
2 0.08300781 0.97500000 0.02539062 0.03200000
