2 0.12304688 0.76200000 0.03125000 0.04000000
2 0.76171875 0.72900000 0.04101562 0.07000000
2 0.88427734 0.86800000 0.04394531 0.04600000
2 0.96289062 0.96400000 0.04101562 0.02800000
2 0.91308594 0.80700000 0.04492188 0.02600000
2 0.98144531 0.70150000 0.03125000 0.04700000
2 0.87841797 0.62850000 0.04785156 0.03900000
2 0.75341797 0.58500000 0.04394531 0.03600000
2 0.03710938 0.33250000 0.02929688 0.04100000
2 0.13183594 0.18800000 0.03710938 0.03400000
2 0.37304688 0.09600000 0.04882812 0.03400000
2 0.66406250 0.10800000 0.04101562 0.04600000
2 0.68115234 0.39750000 0.04394531 0.04100000
2 0.60839844 0.35550000 0.02539062 0.01900000
2 0.95019531 0.24150000 0.01757812 0.01900000
2 0.96679688 0.20750000 0.03125000 0.03100000
2 0.94238281 0.17800000 0.02148438 0.02200000
2 0.78076172 0.04100000 0.03417969 0.04000000
2 0.91699219 0.02500000 0.02539062 0.03200000
