2 0.10650000 0.76611328 0.02700000 0.02246094
2 0.16100000 0.75390625 0.07800000 0.06250000
2 0.27950000 0.64746094 0.02500000 0.03125000
2 0.38650000 0.55224609 0.02700000 0.03613281
2 0.25250000 0.10888672 0.03500000 0.02441406
2 0.43200000 0.97412109 0.02400000 0.03808594
2 0.53750000 0.83593750 0.06300000 0.03515625
2 0.57150000 0.62353516 0.03700000 0.03613281
2 0.62750000 0.86425781 0.04900000 0.04296875
2 0.85000000 0.91357422 0.02800000 0.04589844
2 0.98750000 0.92431641 0.01900000 0.02832031
2 0.79100000 0.73681641 0.03400000 0.03417969
2 0.73100000 0.67626953 0.05600000 0.05371094
2 0.79800000 0.47656250 0.03200000 0.04101562
2 0.73250000 0.33056641 0.04100000 0.03613281
2 0.74000000 0.26660156 0.02200000 0.01562500
2 0.75350000 0.22998047 0.04100000 0.03417969
2 0.70950000 0.06103516 0.04500000 0.06542969
2 0.54900000 0.98242188 0.05400000 0.03515625
2 0.58300000 0.95263672 0.04800000 0.03613281
2 0.61950000 0.95458984 0.03100000 0.02441406
