2 0.97950000 0.02880859 0.02100000 0.02246094
2 0.06150000 0.22851562 0.04700000 0.05468750
2 0.62750000 0.32617188 0.05100000 0.05468750
2 0.64650000 0.73583984 0.04100000 0.04199219
2 0.81800000 0.83154297 0.04800000 0.04394531
2 0.36550000 0.42675781 0.03500000 0.03320312
2 0.32450000 0.59375000 0.10900000 0.07421875
2 0.20500000 0.74707031 0.08800000 0.08007812
2 0.03000000 0.50683594 0.03400000 0.03125000
2 0.04700000 0.82763672 0.02200000 0.03027344
2 0.32550000 0.79345703 0.02900000 0.02636719
2 0.33500000 0.88183594 0.03600000 0.03906250
2 0.29900000 0.97558594 0.04800000 0.04492188
