2 0.87695312 0.76200000 0.03125000 0.04000000
2 0.23828125 0.72900000 0.04101562 0.07000000
2 0.11572266 0.86800000 0.04394531 0.04600000
2 0.03710938 0.96400000 0.04101562 0.02800000
2 0.08691406 0.80700000 0.04492188 0.02600000
2 0.01855469 0.70150000 0.03125000 0.04700000
2 0.12158203 0.62850000 0.04785156 0.03900000
2 0.24658203 0.58500000 0.04394531 0.03600000
2 0.96289062 0.33250000 0.02929688 0.04100000
2 0.86816406 0.18800000 0.03710938 0.03400000
2 0.62695312 0.09600000 0.04882812 0.03400000
2 0.33593750 0.10800000 0.04101562 0.04600000
2 0.31884766 0.39750000 0.04394531 0.04100000
2 0.39160156 0.35550000 0.02539062 0.01900000
2 0.04980469 0.24150000 0.01757812 0.01900000
2 0.03320312 0.20750000 0.03125000 0.03100000
2 0.05761719 0.17800000 0.02148438 0.02200000
2 0.21923828 0.04100000 0.03417969 0.04000000
2 0.08300781 0.02500000 0.02539062 0.03200000
