2 0.02880859 0.02050000 0.02246094 0.02100000
2 0.22851562 0.93850000 0.05468750 0.04700000
2 0.32617188 0.37250000 0.05468750 0.05100000
2 0.73583984 0.35350000 0.04199219 0.04100000
2 0.83154297 0.18200000 0.04394531 0.04800000
2 0.42675781 0.63450000 0.03320312 0.03500000
2 0.59375000 0.67550000 0.07421875 0.10900000
2 0.74707031 0.79500000 0.08007812 0.08800000
2 0.50683594 0.97000000 0.03125000 0.03400000
2 0.82763672 0.95300000 0.03027344 0.02200000
2 0.79345703 0.67450000 0.02636719 0.02900000
2 0.88183594 0.66500000 0.03906250 0.03600000
2 0.97558594 0.70100000 0.04492188 0.04800000
