2 0.23388672 0.10650000 0.02246094 0.02700000
2 0.24609375 0.16100000 0.06250000 0.07800000
2 0.35253906 0.27950000 0.03125000 0.02500000
2 0.44775391 0.38650000 0.03613281 0.02700000
2 0.89111328 0.25250000 0.02441406 0.03500000
2 0.02587891 0.43200000 0.03808594 0.02400000
2 0.16406250 0.53750000 0.03515625 0.06300000
2 0.37646484 0.57150000 0.03613281 0.03700000
2 0.13574219 0.62750000 0.04296875 0.04900000
2 0.08642578 0.85000000 0.04589844 0.02800000
2 0.07568359 0.98750000 0.02832031 0.01900000
2 0.26318359 0.79100000 0.03417969 0.03400000
2 0.32373047 0.73100000 0.05371094 0.05600000
2 0.52343750 0.79800000 0.04101562 0.03200000
2 0.66943359 0.73250000 0.03613281 0.04100000
2 0.73339844 0.74000000 0.01562500 0.02200000
2 0.77001953 0.75350000 0.03417969 0.04100000
2 0.93896484 0.70950000 0.06542969 0.04500000
2 0.01757812 0.54900000 0.03515625 0.05400000
2 0.04736328 0.58300000 0.03613281 0.04800000
2 0.04541016 0.61950000 0.02441406 0.03100000
