2 0.74000000 0.02539062 0.07400000 0.04296875
2 0.76900000 0.08447266 0.04000000 0.03222656
2 0.64500000 0.45166016 0.04400000 0.05175781
2 0.99050000 0.22021484 0.01700000 0.03027344
2 0.93850000 0.22167969 0.02100000 0.02343750
2 0.87300000 0.45556641 0.01800000 0.02832031
2 0.73650000 0.50878906 0.02500000 0.02929688
2 0.79800000 0.62304688 0.04400000 0.05273438
2 0.84300000 0.76708984 0.04400000 0.04394531
2 0.87600000 0.83007812 0.03800000 0.04101562
2 0.26050000 0.02148438 0.02700000 0.03320312
2 0.06850000 0.10644531 0.03900000 0.02343750
2 0.20650000 0.34033203 0.02900000 0.04199219
2 0.38250000 0.31396484 0.02700000 0.03222656
2 0.51300000 0.19580078 0.02000000 0.02246094
2 0.52900000 0.30664062 0.02400000 0.02148438
2 0.47850000 0.47949219 0.02500000 0.02539062
2 0.55450000 0.65771484 0.02700000 0.02246094
2 0.74550000 0.97656250 0.03300000 0.03515625
2 0.37750000 0.98828125 0.02300000 0.01953125
2 0.31900000 0.91259766 0.02400000 0.02441406
2 0.26650000 0.61376953 0.02300000 0.02050781
2 0.07700000 0.70166016 0.02600000 0.03613281
2 0.01950000 0.41210938 0.03100000 0.06250000
