2 0.97119141 0.97950000 0.02246094 0.02100000
2 0.77148438 0.06150000 0.05468750 0.04700000
2 0.67382812 0.62750000 0.05468750 0.05100000
2 0.26416016 0.64650000 0.04199219 0.04100000
2 0.16845703 0.81800000 0.04394531 0.04800000
2 0.57324219 0.36550000 0.03320312 0.03500000
2 0.40625000 0.32450000 0.07421875 0.10900000
2 0.25292969 0.20500000 0.08007812 0.08800000
2 0.49316406 0.03000000 0.03125000 0.03400000
2 0.17236328 0.04700000 0.03027344 0.02200000
2 0.20654297 0.32550000 0.02636719 0.02900000
2 0.11816406 0.33500000 0.03906250 0.03600000
2 0.02441406 0.29900000 0.04492188 0.04800000
