2 0.27500000 0.97656250 0.03600000 0.02148438
2 0.39050000 0.72851562 0.04100000 0.03906250
2 0.41450000 0.51367188 0.07700000 0.03320312
2 0.41600000 0.57080078 0.02200000 0.01660156
2 0.46000000 0.48291016 0.02000000 0.01855469
2 0.59400000 0.53857422 0.02800000 0.03808594
2 0.64400000 0.49658203 0.04200000 0.04589844
2 0.51800000 0.26855469 0.04000000 0.04101562
2 0.39950000 0.07324219 0.04700000 0.04687500
2 0.54150000 0.01562500 0.06900000 0.02734375
2 0.12250000 0.05615234 0.03300000 0.04003906
2 0.17600000 0.04052734 0.03400000 0.03027344
2 0.18350000 0.27490234 0.02700000 0.01855469
2 0.28200000 0.28613281 0.09600000 0.07031250
2 0.37850000 0.28222656 0.06700000 0.04492188
2 0.15050000 0.37695312 0.05900000 0.04492188
2 0.09150000 0.51855469 0.04500000 0.03320312
2 0.06000000 0.54150391 0.02200000 0.02246094
2 0.03800000 0.74658203 0.07200000 0.05761719
2 0.06700000 0.82128906 0.03200000 0.03710938
2 0.09700000 0.75390625 0.03600000 0.02343750
2 0.13300000 0.71923828 0.02200000 0.02441406
2 0.14450000 0.77587891 0.03500000 0.03222656
2 0.17300000 0.83642578 0.02400000 0.02832031
2 0.19550000 0.78466797 0.02900000 0.03222656
2 0.47400000 0.80810547 0.02600000 0.03613281
2 0.48650000 0.72851562 0.04900000 0.02539062
2 0.62750000 0.75878906 0.03300000 0.03906250
2 0.82500000 0.87158203 0.07200000 0.05761719
2 0.71750000 0.72802734 0.02300000 0.02441406
2 0.75300000 0.71679688 0.02400000 0.02734375
2 0.78000000 0.74609375 0.04400000 0.04296875
2 0.81500000 0.67773438 0.02200000 0.01757812
2 0.89650000 0.70312500 0.01700000 0.01953125
2 0.91000000 0.72949219 0.02000000 0.01757812
2 0.81850000 0.49609375 0.03900000 0.04101562
2 0.86200000 0.47607422 0.01800000 0.01464844
2 0.81950000 0.37792969 0.02100000 0.01757812
2 0.81650000 0.31494141 0.08100000 0.04785156
2 0.76950000 0.16357422 0.03700000 0.02441406
2 0.78750000 0.23437500 0.02100000 0.03125000
2 0.97250000 0.34472656 0.04100000 0.03515625
2 0.98200000 0.31445312 0.01800000 0.01562500
2 0.97850000 0.85253906 0.03700000 0.04296875
