2 0.12304688 0.23800000 0.03125000 0.04000000
2 0.76171875 0.27100000 0.04101562 0.07000000
2 0.88427734 0.13200000 0.04394531 0.04600000
2 0.96289062 0.03600000 0.04101562 0.02800000
2 0.91308594 0.19300000 0.04492188 0.02600000
2 0.98144531 0.29850000 0.03125000 0.04700000
2 0.87841797 0.37150000 0.04785156 0.03900000
2 0.75341797 0.41500000 0.04394531 0.03600000
2 0.03710938 0.66750000 0.02929688 0.04100000
2 0.13183594 0.81200000 0.03710938 0.03400000
2 0.37304688 0.90400000 0.04882812 0.03400000
2 0.66406250 0.89200000 0.04101562 0.04600000
2 0.68115234 0.60250000 0.04394531 0.04100000
2 0.60839844 0.64450000 0.02539062 0.01900000
2 0.95019531 0.75850000 0.01757812 0.01900000
2 0.96679688 0.79250000 0.03125000 0.03100000
2 0.94238281 0.82200000 0.02148438 0.02200000
2 0.78076172 0.95900000 0.03417969 0.04000000
2 0.91699219 0.97500000 0.02539062 0.03200000
