2 0.02343750 0.72500000 0.02148438 0.03600000
2 0.27148438 0.60950000 0.03906250 0.04100000
2 0.48632812 0.58550000 0.03320312 0.07700000
2 0.42919922 0.58400000 0.01660156 0.02200000
2 0.51708984 0.54000000 0.01855469 0.02000000
2 0.46142578 0.40600000 0.03808594 0.02800000
2 0.50341797 0.35600000 0.04589844 0.04200000
2 0.73144531 0.48200000 0.04101562 0.04000000
2 0.92675781 0.60050000 0.04687500 0.04700000
2 0.98437500 0.45850000 0.02734375 0.06900000
2 0.94384766 0.87750000 0.04003906 0.03300000
2 0.95947266 0.82400000 0.03027344 0.03400000
2 0.72509766 0.81650000 0.01855469 0.02700000
2 0.71386719 0.71800000 0.07031250 0.09600000
2 0.71777344 0.62150000 0.04492188 0.06700000
2 0.62304688 0.84950000 0.04492188 0.05900000
2 0.48144531 0.90850000 0.03320312 0.04500000
2 0.45849609 0.94000000 0.02246094 0.02200000
2 0.25341797 0.96200000 0.05761719 0.07200000
2 0.17871094 0.93300000 0.03710938 0.03200000
2 0.24609375 0.90300000 0.02343750 0.03600000
2 0.28076172 0.86700000 0.02441406 0.02200000
2 0.22412109 0.85550000 0.03222656 0.03500000
2 0.16357422 0.82700000 0.02832031 0.02400000
2 0.21533203 0.80450000 0.03222656 0.02900000
2 0.19189453 0.52600000 0.03613281 0.02600000
2 0.27148438 0.51350000 0.02539062 0.04900000
2 0.24121094 0.37250000 0.03906250 0.03300000
2 0.12841797 0.17500000 0.05761719 0.07200000
2 0.27197266 0.28250000 0.02441406 0.02300000
2 0.28320312 0.24700000 0.02734375 0.02400000
2 0.25390625 0.22000000 0.04296875 0.04400000
2 0.32226562 0.18500000 0.01757812 0.02200000
2 0.29687500 0.10350000 0.01953125 0.01700000
2 0.27050781 0.09000000 0.01757812 0.02000000
2 0.50390625 0.18150000 0.04101562 0.03900000
2 0.52392578 0.13800000 0.01464844 0.01800000
2 0.62207031 0.18050000 0.01757812 0.02100000
2 0.68505859 0.18350000 0.04785156 0.08100000
2 0.83642578 0.23050000 0.02441406 0.03700000
2 0.76562500 0.21250000 0.03125000 0.02100000
2 0.65527344 0.02750000 0.03515625 0.04100000
2 0.68554688 0.01800000 0.01562500 0.01800000
2 0.14746094 0.02150000 0.04296875 0.03700000
