2 0.97460938 0.26000000 0.04296875 0.07400000
2 0.91552734 0.23100000 0.03222656 0.04000000
2 0.54833984 0.35500000 0.05175781 0.04400000
2 0.77978516 0.00950000 0.03027344 0.01700000
2 0.77832031 0.06150000 0.02343750 0.02100000
2 0.54443359 0.12700000 0.02832031 0.01800000
2 0.49121094 0.26350000 0.02929688 0.02500000
2 0.37695312 0.20200000 0.05273438 0.04400000
2 0.23291016 0.15700000 0.04394531 0.04400000
2 0.16992188 0.12400000 0.04101562 0.03800000
2 0.97851562 0.73950000 0.03320312 0.02700000
2 0.89355469 0.93150000 0.02343750 0.03900000
2 0.65966797 0.79350000 0.04199219 0.02900000
2 0.68603516 0.61750000 0.03222656 0.02700000
2 0.80419922 0.48700000 0.02246094 0.02000000
2 0.69335938 0.47100000 0.02148438 0.02400000
2 0.52050781 0.52150000 0.02539062 0.02500000
2 0.34228516 0.44550000 0.02246094 0.02700000
2 0.02343750 0.25450000 0.03515625 0.03300000
2 0.01171875 0.62250000 0.01953125 0.02300000
2 0.08740234 0.68100000 0.02441406 0.02400000
2 0.38623047 0.73350000 0.02050781 0.02300000
2 0.29833984 0.92300000 0.03613281 0.02600000
2 0.58789062 0.98050000 0.06250000 0.03100000
