2 0.80419922 0.96550000 0.02246094 0.01900000
2 0.76171875 0.61900000 0.01953125 0.02800000
2 0.63183594 0.55000000 0.02734375 0.03600000
2 0.52539062 0.59300000 0.03710938 0.05000000
2 0.37939453 0.63150000 0.02636719 0.03300000
2 0.32812500 0.73600000 0.02148438 0.02200000
2 0.06738281 0.79050000 0.03710938 0.04100000
2 0.03808594 0.68900000 0.03125000 0.03600000
2 0.04931641 0.62500000 0.02832031 0.03800000
2 0.29443359 0.45000000 0.04589844 0.04800000
2 0.10644531 0.50250000 0.02734375 0.03500000
2 0.12451172 0.47100000 0.03027344 0.04200000
2 0.77587891 0.18900000 0.04199219 0.05600000
2 0.79931641 0.03850000 0.03027344 0.04100000
2 0.14697266 0.10450000 0.04589844 0.02700000
2 0.07519531 0.07100000 0.03906250 0.03600000
2 0.10498047 0.02600000 0.03222656 0.03800000
2 0.01855469 0.07100000 0.02148438 0.02800000
