2 0.02148438 0.90400000 0.03515625 0.02800000
2 0.06982422 0.93450000 0.04003906 0.05300000
2 0.05322266 0.79700000 0.03417969 0.02400000
2 0.09423828 0.67650000 0.04003906 0.04100000
2 0.19091797 0.64800000 0.03222656 0.04000000
2 0.46093750 0.70900000 0.02734375 0.05200000
2 0.74902344 0.85700000 0.02539062 0.03200000
2 0.86425781 0.81950000 0.07421875 0.03900000
2 0.78662109 0.70850000 0.02441406 0.02300000
2 0.27441406 0.97400000 0.03125000 0.05200000
2 0.23095703 0.88950000 0.04785156 0.03900000
2 0.28173828 0.89000000 0.04199219 0.04400000
2 0.23779297 0.80500000 0.04003906 0.06600000
2 0.27539062 0.81350000 0.03710938 0.04300000
2 0.27685547 0.73450000 0.03417969 0.02900000
2 0.25341797 0.71600000 0.02636719 0.03600000
2 0.48632812 0.65750000 0.01757812 0.01900000
2 0.49804688 0.62600000 0.03125000 0.04200000
2 0.67138672 0.56750000 0.02441406 0.04300000
2 0.79638672 0.27000000 0.02246094 0.01800000
2 0.89892578 0.11150000 0.03808594 0.04500000
2 0.69580078 0.16400000 0.04589844 0.04400000
2 0.61621094 0.13700000 0.02148438 0.01600000
2 0.47802734 0.01850000 0.01464844 0.01300000
2 0.48779297 0.24000000 0.05957031 0.04600000
2 0.55126953 0.35500000 0.03222656 0.03800000
2 0.57470703 0.28350000 0.02636719 0.04100000
2 0.01660156 0.33650000 0.02539062 0.04300000
2 0.05517578 0.32150000 0.04003906 0.03300000
2 0.14013672 0.26100000 0.04199219 0.03200000
2 0.12353516 0.14650000 0.04003906 0.03900000
2 0.13623047 0.47500000 0.03417969 0.04800000
2 0.27490234 0.46450000 0.04980469 0.06700000
2 0.28613281 0.41100000 0.01953125 0.02600000
2 0.24707031 0.38200000 0.02343750 0.02800000
2 0.28173828 0.35150000 0.03222656 0.04100000
2 0.27490234 0.19150000 0.01855469 0.02500000
2 0.26318359 0.15700000 0.01269531 0.01800000
2 0.28222656 0.14100000 0.02148438 0.03400000
2 0.48974609 0.57150000 0.02441406 0.04500000
2 0.48046875 0.53250000 0.02929688 0.03500000
2 0.98095703 0.36300000 0.03417969 0.02600000
