2 0.19873047 0.72750000 0.02832031 0.03900000
2 0.29882812 0.57500000 0.03515625 0.02200000
2 0.27490234 0.98700000 0.02246094 0.02400000
2 0.47314453 0.34750000 0.03222656 0.02500000
2 0.64892578 0.33300000 0.03222656 0.03200000
2 0.75048828 0.38050000 0.03417969 0.04900000
2 0.77636719 0.31800000 0.02929688 0.03000000
2 0.90185547 0.10700000 0.04980469 0.03200000
2 0.52392578 0.17800000 0.03417969 0.03400000
2 0.37792969 0.01950000 0.04882812 0.03300000
2 0.02050781 0.08950000 0.01953125 0.01900000
