2 0.72750000 0.19873047 0.03900000 0.02832031
2 0.57500000 0.29882812 0.02200000 0.03515625
2 0.98700000 0.27490234 0.02400000 0.02246094
2 0.34750000 0.47314453 0.02500000 0.03222656
2 0.33300000 0.64892578 0.03200000 0.03222656
2 0.38050000 0.75048828 0.04900000 0.03417969
2 0.31800000 0.77636719 0.03000000 0.02929688
2 0.10700000 0.90185547 0.03200000 0.04980469
2 0.17800000 0.52392578 0.03400000 0.03417969
2 0.01950000 0.37792969 0.03300000 0.04882812
2 0.08950000 0.02050781 0.01900000 0.01953125
