2 0.27250000 0.80126953 0.03900000 0.02832031
2 0.42500000 0.70117188 0.02200000 0.03515625
2 0.01300000 0.72509766 0.02400000 0.02246094
2 0.65250000 0.52685547 0.02500000 0.03222656
2 0.66700000 0.35107422 0.03200000 0.03222656
2 0.61950000 0.24951172 0.04900000 0.03417969
2 0.68200000 0.22363281 0.03000000 0.02929688
2 0.89300000 0.09814453 0.03200000 0.04980469
2 0.82200000 0.47607422 0.03400000 0.03417969
2 0.98050000 0.62207031 0.03300000 0.04882812
2 0.91050000 0.97949219 0.01900000 0.01953125
