2 0.97851562 0.90400000 0.03515625 0.02800000
2 0.93017578 0.93450000 0.04003906 0.05300000
2 0.94677734 0.79700000 0.03417969 0.02400000
2 0.90576172 0.67650000 0.04003906 0.04100000
2 0.80908203 0.64800000 0.03222656 0.04000000
2 0.53906250 0.70900000 0.02734375 0.05200000
2 0.25097656 0.85700000 0.02539062 0.03200000
2 0.13574219 0.81950000 0.07421875 0.03900000
2 0.21337891 0.70850000 0.02441406 0.02300000
2 0.72558594 0.97400000 0.03125000 0.05200000
2 0.76904297 0.88950000 0.04785156 0.03900000
2 0.71826172 0.89000000 0.04199219 0.04400000
2 0.76220703 0.80500000 0.04003906 0.06600000
2 0.72460938 0.81350000 0.03710938 0.04300000
2 0.72314453 0.73450000 0.03417969 0.02900000
2 0.74658203 0.71600000 0.02636719 0.03600000
2 0.51367188 0.65750000 0.01757812 0.01900000
2 0.50195312 0.62600000 0.03125000 0.04200000
2 0.32861328 0.56750000 0.02441406 0.04300000
2 0.20361328 0.27000000 0.02246094 0.01800000
2 0.10107422 0.11150000 0.03808594 0.04500000
2 0.30419922 0.16400000 0.04589844 0.04400000
2 0.38378906 0.13700000 0.02148438 0.01600000
2 0.52197266 0.01850000 0.01464844 0.01300000
2 0.51220703 0.24000000 0.05957031 0.04600000
2 0.44873047 0.35500000 0.03222656 0.03800000
2 0.42529297 0.28350000 0.02636719 0.04100000
2 0.98339844 0.33650000 0.02539062 0.04300000
2 0.94482422 0.32150000 0.04003906 0.03300000
2 0.85986328 0.26100000 0.04199219 0.03200000
2 0.87646484 0.14650000 0.04003906 0.03900000
2 0.86376953 0.47500000 0.03417969 0.04800000
2 0.72509766 0.46450000 0.04980469 0.06700000
2 0.71386719 0.41100000 0.01953125 0.02600000
2 0.75292969 0.38200000 0.02343750 0.02800000
2 0.71826172 0.35150000 0.03222656 0.04100000
2 0.72509766 0.19150000 0.01855469 0.02500000
2 0.73681641 0.15700000 0.01269531 0.01800000
2 0.71777344 0.14100000 0.02148438 0.03400000
2 0.51025391 0.57150000 0.02441406 0.04500000
2 0.51953125 0.53250000 0.02929688 0.03500000
2 0.01904297 0.36300000 0.03417969 0.02600000
