2 0.19580078 0.03450000 0.02246094 0.01900000
2 0.23828125 0.38100000 0.01953125 0.02800000
2 0.36816406 0.45000000 0.02734375 0.03600000
2 0.47460938 0.40700000 0.03710938 0.05000000
2 0.62060547 0.36850000 0.02636719 0.03300000
2 0.67187500 0.26400000 0.02148438 0.02200000
2 0.93261719 0.20950000 0.03710938 0.04100000
2 0.96191406 0.31100000 0.03125000 0.03600000
2 0.95068359 0.37500000 0.02832031 0.03800000
2 0.70556641 0.55000000 0.04589844 0.04800000
2 0.89355469 0.49750000 0.02734375 0.03500000
2 0.87548828 0.52900000 0.03027344 0.04200000
2 0.22412109 0.81100000 0.04199219 0.05600000
2 0.20068359 0.96150000 0.03027344 0.04100000
2 0.85302734 0.89550000 0.04589844 0.02700000
2 0.92480469 0.92900000 0.03906250 0.03600000
2 0.89501953 0.97400000 0.03222656 0.03800000
2 0.98144531 0.92900000 0.02148438 0.02800000
