2 0.80419922 0.03450000 0.02246094 0.01900000
2 0.76171875 0.38100000 0.01953125 0.02800000
2 0.63183594 0.45000000 0.02734375 0.03600000
2 0.52539062 0.40700000 0.03710938 0.05000000
2 0.37939453 0.36850000 0.02636719 0.03300000
2 0.32812500 0.26400000 0.02148438 0.02200000
2 0.06738281 0.20950000 0.03710938 0.04100000
2 0.03808594 0.31100000 0.03125000 0.03600000
2 0.04931641 0.37500000 0.02832031 0.03800000
2 0.29443359 0.55000000 0.04589844 0.04800000
2 0.10644531 0.49750000 0.02734375 0.03500000
2 0.12451172 0.52900000 0.03027344 0.04200000
2 0.77587891 0.81100000 0.04199219 0.05600000
2 0.79931641 0.96150000 0.03027344 0.04100000
2 0.14697266 0.89550000 0.04589844 0.02700000
2 0.07519531 0.92900000 0.03906250 0.03600000
2 0.10498047 0.97400000 0.03222656 0.03800000
2 0.01855469 0.92900000 0.02148438 0.02800000
