2 0.80126953 0.27250000 0.02832031 0.03900000
2 0.70117188 0.42500000 0.03515625 0.02200000
2 0.72509766 0.01300000 0.02246094 0.02400000
2 0.52685547 0.65250000 0.03222656 0.02500000
2 0.35107422 0.66700000 0.03222656 0.03200000
2 0.24951172 0.61950000 0.03417969 0.04900000
2 0.22363281 0.68200000 0.02929688 0.03000000
2 0.09814453 0.89300000 0.04980469 0.03200000
2 0.47607422 0.82200000 0.03417969 0.03400000
2 0.62207031 0.98050000 0.04882812 0.03300000
2 0.97949219 0.91050000 0.01953125 0.01900000
