2 0.09600000 0.97851562 0.02800000 0.03515625
2 0.06550000 0.93017578 0.05300000 0.04003906
2 0.20300000 0.94677734 0.02400000 0.03417969
2 0.32350000 0.90576172 0.04100000 0.04003906
2 0.35200000 0.80908203 0.04000000 0.03222656
2 0.29100000 0.53906250 0.05200000 0.02734375
2 0.14300000 0.25097656 0.03200000 0.02539062
2 0.18050000 0.13574219 0.03900000 0.07421875
2 0.29150000 0.21337891 0.02300000 0.02441406
2 0.02600000 0.72558594 0.05200000 0.03125000
2 0.11050000 0.76904297 0.03900000 0.04785156
2 0.11000000 0.71826172 0.04400000 0.04199219
2 0.19500000 0.76220703 0.06600000 0.04003906
2 0.18650000 0.72460938 0.04300000 0.03710938
2 0.26550000 0.72314453 0.02900000 0.03417969
2 0.28400000 0.74658203 0.03600000 0.02636719
2 0.34250000 0.51367188 0.01900000 0.01757812
2 0.37400000 0.50195312 0.04200000 0.03125000
2 0.43250000 0.32861328 0.04300000 0.02441406
2 0.73000000 0.20361328 0.01800000 0.02246094
2 0.88850000 0.10107422 0.04500000 0.03808594
2 0.83600000 0.30419922 0.04400000 0.04589844
2 0.86300000 0.38378906 0.01600000 0.02148438
2 0.98150000 0.52197266 0.01300000 0.01464844
2 0.76000000 0.51220703 0.04600000 0.05957031
2 0.64500000 0.44873047 0.03800000 0.03222656
2 0.71650000 0.42529297 0.04100000 0.02636719
2 0.66350000 0.98339844 0.04300000 0.02539062
2 0.67850000 0.94482422 0.03300000 0.04003906
2 0.73900000 0.85986328 0.03200000 0.04199219
2 0.85350000 0.87646484 0.03900000 0.04003906
2 0.52500000 0.86376953 0.04800000 0.03417969
2 0.53550000 0.72509766 0.06700000 0.04980469
2 0.58900000 0.71386719 0.02600000 0.01953125
2 0.61800000 0.75292969 0.02800000 0.02343750
2 0.64850000 0.71826172 0.04100000 0.03222656
2 0.80850000 0.72509766 0.02500000 0.01855469
2 0.84300000 0.73681641 0.01800000 0.01269531
2 0.85900000 0.71777344 0.03400000 0.02148438
2 0.42850000 0.51025391 0.04500000 0.02441406
2 0.46750000 0.51953125 0.03500000 0.02929688
2 0.63700000 0.01904297 0.02600000 0.03417969
