2 0.70268456 0.41893116 0.05503356 0.06250000
2 0.47852349 0.07065217 0.11140940 0.03623188
0 0.21073826 0.14764493 0.10738255 0.07065217
2 0.54832215 0.54710145 0.06845638 0.02173913
4 0.61744966 0.95199275 0.02953020 0.01449275
3 0.71879195 0.02490942 0.01744966 0.01177536
3 0.83087248 0.25317029 0.02147651 0.01902174
3 0.90939597 0.27626812 0.01744966 0.01811594
3 0.68791946 0.26177536 0.02818792 0.01086957
3 0.60402685 0.28125000 0.02416107 0.01177536
3 0.42885906 0.34375000 0.02013423 0.01539855
3 0.47785235 0.32653986 0.01879195 0.01721014
3 0.61073826 0.36639493 0.01879195 0.02083333
3 0.91543624 0.59963768 0.02147651 0.01268116
3 0.89731544 0.47237319 0.01744966 0.01539855
3 0.75100671 0.41893116 0.02013423 0.01177536
3 0.44496644 0.44519928 0.02013423 0.01539855
3 0.59731544 0.71059783 0.02416107 0.01539855
3 0.43221477 0.80615942 0.01879195 0.01630435
5 0.51073826 0.57246377 0.93557047 0.79528986
3 0.26040268 0.46739130 0.02147651 0.01449275
3 0.10939597 0.56521739 0.02550336 0.01268116
3 0.16442953 0.96059783 0.02013423 0.01177536
