5 0.55809524 0.27263581 0.53714286 0.50905433
5 0.49142857 0.65291751 0.95238095 0.63581489
5 0.49619048 0.11670020 0.39809524 0.18712274
2 0.74857143 0.92756539 0.07238095 0.03018109
3 0.69714286 0.66700201 0.03428571 0.01810865
3 0.89428571 0.77816901 0.02476190 0.01509054
3 0.85428571 0.81941650 0.03238095 0.01307847
4 0.09142857 0.64788732 0.02285714 0.01609658
4 0.62000000 0.23189135 0.04000000 0.01710262
3 0.63904762 0.42857143 0.03238095 0.01207243
1 0.90285714 0.67907445 0.04952381 0.03822938
