0 0.11277445 0.40710824 0.12175649 0.17770598
2 0.41516966 0.62116317 0.05189621 0.11147011
2 0.25000000 0.37802908 0.04890220 0.10016155
5 0.48652695 0.51292407 0.97504990 0.94507270
3 0.01397206 0.94991922 0.01796407 0.02907916
4 0.82984032 0.77625202 0.01896208 0.02100162
3 0.87824351 0.14458805 0.01796407 0.02423263
3 0.31387226 0.74636511 0.02095808 0.02584814
3 0.14620758 0.66235864 0.01497006 0.02261712
3 0.25499002 0.12520194 0.01896208 0.02100162
3 0.53293413 0.60662359 0.01197605 0.02423263
3 0.28892216 0.65347334 0.01297405 0.02746365
3 0.37824351 0.22778675 0.01397206 0.02584814
3 0.73303393 0.27140549 0.01497006 0.02261712
