0 0.40710824 0.88722555 0.17770598 0.12175649
2 0.62116317 0.58483034 0.11147011 0.05189621
2 0.37802908 0.75000000 0.10016155 0.04890220
5 0.51292407 0.51347305 0.94507270 0.97504990
3 0.94991922 0.98602794 0.02907916 0.01796407
4 0.77625202 0.17015968 0.02100162 0.01896208
3 0.14458805 0.12175649 0.02423263 0.01796407
3 0.74636511 0.68612774 0.02584814 0.02095808
3 0.66235864 0.85379242 0.02261712 0.01497006
3 0.12520194 0.74500998 0.02100162 0.01896208
3 0.60662359 0.46706587 0.02423263 0.01197605
3 0.65347334 0.71107784 0.02746365 0.01297405
3 0.22778675 0.62175649 0.02584814 0.01397206
3 0.27140549 0.26696607 0.02261712 0.01497006
