1 0.84572491 0.47258364 0.25650558 0.12174721
5 0.37267658 0.50278810 0.70817844 0.98698885
3 0.93215613 0.04832714 0.03159851 0.01301115
3 0.43401487 0.06737918 0.03531599 0.01022305
3 0.34851301 0.04507435 0.02044610 0.01022305
3 0.87453532 0.40334572 0.02788104 0.01486989
3 0.77695167 0.36431227 0.03345725 0.01115242
3 0.95910781 0.56830855 0.03717472 0.01208178
3 0.78717472 0.91171004 0.03531599 0.01858736
3 0.95817844 0.78485130 0.03159851 0.02137546
3 0.93308550 0.93726766 0.02973978 0.01022305
4 0.33457249 0.81505576 0.04089219 0.01858736
3 0.10130112 0.22815985 0.03159851 0.01765799
3 0.39312268 0.26672862 0.04646840 0.01486989
3 0.88197026 0.02602230 0.03159851 0.01672862
3 0.25185874 0.85408922 0.03159851 0.01672862
3 0.17565056 0.87918216 0.04275093 0.01115242
3 0.29646840 0.72630112 0.03159851 0.01208178
3 0.75185874 0.07342007 0.03159851 0.01672862
3 0.57342007 0.01858736 0.03531599 0.01486989
