2 0.41893116 0.70268456 0.06250000 0.05503356
2 0.07065217 0.47852349 0.03623188 0.11140940
0 0.14764493 0.21073826 0.07065217 0.10738255
2 0.54710145 0.54832215 0.02173913 0.06845638
4 0.95199275 0.61744966 0.01449275 0.02953020
3 0.02490942 0.71879195 0.01177536 0.01744966
3 0.25317029 0.83087248 0.01902174 0.02147651
3 0.27626812 0.90939597 0.01811594 0.01744966
3 0.26177536 0.68791946 0.01086957 0.02818792
3 0.28125000 0.60402685 0.01177536 0.02416107
3 0.34375000 0.42885906 0.01539855 0.02013423
3 0.32653986 0.47785235 0.01721014 0.01879195
3 0.36639493 0.61073826 0.02083333 0.01879195
3 0.59963768 0.91543624 0.01268116 0.02147651
3 0.47237319 0.89731544 0.01539855 0.01744966
3 0.41893116 0.75100671 0.01177536 0.02013423
3 0.44519928 0.44496644 0.01539855 0.02013423
3 0.71059783 0.59731544 0.01539855 0.02416107
3 0.80615942 0.43221477 0.01630435 0.01879195
5 0.57246377 0.51073826 0.79528986 0.93557047
3 0.46739130 0.26040268 0.01449275 0.02147651
3 0.56521739 0.10939597 0.01268116 0.02550336
3 0.96059783 0.16442953 0.01177536 0.02013423
