5 0.50349650 0.49833887 0.91958042 0.96124031
3 0.23688811 0.95293466 0.02622378 0.01882614
3 0.02622378 0.40254707 0.02797203 0.01661130
3 0.27797203 0.29734219 0.03146853 0.02104097
3 0.18793706 0.20542636 0.02972028 0.01661130
3 0.85576923 0.75415282 0.03321678 0.01993355
3 0.54632867 0.36489480 0.02622378 0.01661130
3 0.61188811 0.30786268 0.02447552 0.01550388
2 0.48776224 0.91749723 0.09790210 0.10299003
3 0.46940559 0.69878184 0.02272727 0.01771872
3 0.07255245 0.38372093 0.03321678 0.01661130
