5 0.49833887 0.50349650 0.96124031 0.91958042
3 0.95293466 0.23688811 0.01882614 0.02622378
3 0.40254707 0.02622378 0.01661130 0.02797203
3 0.29734219 0.27797203 0.02104097 0.03146853
3 0.20542636 0.18793706 0.01661130 0.02972028
3 0.75415282 0.85576923 0.01993355 0.03321678
3 0.36489480 0.54632867 0.01661130 0.02622378
3 0.30786268 0.61188811 0.01550388 0.02447552
2 0.91749723 0.48776224 0.10299003 0.09790210
3 0.69878184 0.46940559 0.01771872 0.02272727
3 0.38372093 0.07255245 0.01661130 0.03321678
