2 0.59078591 0.04323459 0.09214092 0.04483587
5 0.53658537 0.49199359 0.91598916 0.87990392
3 0.41734417 0.94315452 0.04336043 0.01441153
3 0.28997290 0.85588471 0.03794038 0.01601281
3 0.63821138 0.87149720 0.05149051 0.01361089
3 0.96205962 0.81184948 0.05420054 0.01120897
3 0.49457995 0.70856685 0.06233062 0.01601281
3 0.68292683 0.73738991 0.04878049 0.01281025
3 0.62872629 0.69255404 0.07046070 0.01601281
3 0.62195122 0.61449159 0.04607046 0.01040833
3 0.87262873 0.25780624 0.05962060 0.01441153
3 0.19647696 0.18454764 0.05691057 0.01361089
3 0.68970190 0.17774219 0.05691057 0.00960769
3 0.75067751 0.19135308 0.03794038 0.00960769
3 0.96205962 0.10848679 0.04336043 0.01040833
3 0.71680217 0.14851882 0.04607046 0.01200961
3 0.94037940 0.03282626 0.05420054 0.01281025
3 0.29674797 0.03522818 0.02981030 0.01281025
