1 0.84572491 0.52741636 0.25650558 0.12174721
5 0.37267658 0.49721190 0.70817844 0.98698885
3 0.93215613 0.95167286 0.03159851 0.01301115
3 0.43401487 0.93262082 0.03531599 0.01022305
3 0.34851301 0.95492565 0.02044610 0.01022305
3 0.87453532 0.59665428 0.02788104 0.01486989
3 0.77695167 0.63568773 0.03345725 0.01115242
3 0.95910781 0.43169145 0.03717472 0.01208178
3 0.78717472 0.08828996 0.03531599 0.01858736
3 0.95817844 0.21514870 0.03159851 0.02137546
3 0.93308550 0.06273234 0.02973978 0.01022305
4 0.33457249 0.18494424 0.04089219 0.01858736
3 0.10130112 0.77184015 0.03159851 0.01765799
3 0.39312268 0.73327138 0.04646840 0.01486989
3 0.88197026 0.97397770 0.03159851 0.01672862
3 0.25185874 0.14591078 0.03159851 0.01672862
3 0.17565056 0.12081784 0.04275093 0.01115242
3 0.29646840 0.27369888 0.03159851 0.01208178
3 0.75185874 0.92657993 0.03159851 0.01672862
3 0.57342007 0.98141264 0.03531599 0.01486989
