2 0.58106884 0.70268456 0.06250000 0.05503356
2 0.92934783 0.47852349 0.03623188 0.11140940
0 0.85235507 0.21073826 0.07065217 0.10738255
2 0.45289855 0.54832215 0.02173913 0.06845638
4 0.04800725 0.61744966 0.01449275 0.02953020
3 0.97509058 0.71879195 0.01177536 0.01744966
3 0.74682971 0.83087248 0.01902174 0.02147651
3 0.72373188 0.90939597 0.01811594 0.01744966
3 0.73822464 0.68791946 0.01086957 0.02818792
3 0.71875000 0.60402685 0.01177536 0.02416107
3 0.65625000 0.42885906 0.01539855 0.02013423
3 0.67346014 0.47785235 0.01721014 0.01879195
3 0.63360507 0.61073826 0.02083333 0.01879195
3 0.40036232 0.91543624 0.01268116 0.02147651
3 0.52762681 0.89731544 0.01539855 0.01744966
3 0.58106884 0.75100671 0.01177536 0.02013423
3 0.55480072 0.44496644 0.01539855 0.02013423
3 0.28940217 0.59731544 0.01539855 0.02416107
3 0.19384058 0.43221477 0.01630435 0.01879195
5 0.42753623 0.51073826 0.79528986 0.93557047
3 0.53260870 0.26040268 0.01449275 0.02147651
3 0.43478261 0.10939597 0.01268116 0.02550336
3 0.03940217 0.16442953 0.01177536 0.02013423
