3 0.94958968 0.81550802 0.01875733 0.03030303
3 0.61606096 0.75490196 0.02227433 0.03386809
3 0.58206331 0.83600713 0.01758499 0.02139037
3 0.64185229 0.48573975 0.01524033 0.02673797
3 0.25732708 0.79679144 0.01758499 0.02852050
3 0.19577960 0.75222816 0.01875733 0.02495544
3 0.25615475 0.60249554 0.01758499 0.02852050
3 0.33939039 0.44741533 0.01758499 0.02495544
3 0.57327081 0.41443850 0.01641266 0.02673797
3 0.54396249 0.44919786 0.02110199 0.03565062
3 0.82063306 0.04367201 0.02344666 0.03030303
3 0.31184056 0.16577540 0.02579132 0.03565062
3 0.10140680 0.38057041 0.01992966 0.01960784
3 0.02930832 0.68627451 0.01875733 0.02852050
3 0.03223916 0.23707665 0.01758499 0.02852050
5 0.52051583 0.51247772 0.88393904 0.87522282
