3 0.94958968 0.18449198 0.01875733 0.03030303
3 0.61606096 0.24509804 0.02227433 0.03386809
3 0.58206331 0.16399287 0.01758499 0.02139037
3 0.64185229 0.51426025 0.01524033 0.02673797
3 0.25732708 0.20320856 0.01758499 0.02852050
3 0.19577960 0.24777184 0.01875733 0.02495544
3 0.25615475 0.39750446 0.01758499 0.02852050
3 0.33939039 0.55258467 0.01758499 0.02495544
3 0.57327081 0.58556150 0.01641266 0.02673797
3 0.54396249 0.55080214 0.02110199 0.03565062
3 0.82063306 0.95632799 0.02344666 0.03030303
3 0.31184056 0.83422460 0.02579132 0.03565062
3 0.10140680 0.61942959 0.01992966 0.01960784
3 0.02930832 0.31372549 0.01875733 0.02852050
3 0.03223916 0.76292335 0.01758499 0.02852050
5 0.52051583 0.48752228 0.88393904 0.87522282
