2 0.95676541 0.59078591 0.04483587 0.09214092
5 0.50800641 0.53658537 0.87990392 0.91598916
3 0.05684548 0.41734417 0.01441153 0.04336043
3 0.14411529 0.28997290 0.01601281 0.03794038
3 0.12850280 0.63821138 0.01361089 0.05149051
3 0.18815052 0.96205962 0.01120897 0.05420054
3 0.29143315 0.49457995 0.01601281 0.06233062
3 0.26261009 0.68292683 0.01281025 0.04878049
3 0.30744596 0.62872629 0.01601281 0.07046070
3 0.38550841 0.62195122 0.01040833 0.04607046
3 0.74219376 0.87262873 0.01441153 0.05962060
3 0.81545236 0.19647696 0.01361089 0.05691057
3 0.82225781 0.68970190 0.00960769 0.05691057
3 0.80864692 0.75067751 0.00960769 0.03794038
3 0.89151321 0.96205962 0.01040833 0.04336043
3 0.85148118 0.71680217 0.01200961 0.04607046
3 0.96717374 0.94037940 0.01281025 0.05420054
3 0.96477182 0.29674797 0.01281025 0.02981030
