2 0.04323459 0.40921409 0.04483587 0.09214092
5 0.49199359 0.46341463 0.87990392 0.91598916
3 0.94315452 0.58265583 0.01441153 0.04336043
3 0.85588471 0.71002710 0.01601281 0.03794038
3 0.87149720 0.36178862 0.01361089 0.05149051
3 0.81184948 0.03794038 0.01120897 0.05420054
3 0.70856685 0.50542005 0.01601281 0.06233062
3 0.73738991 0.31707317 0.01281025 0.04878049
3 0.69255404 0.37127371 0.01601281 0.07046070
3 0.61449159 0.37804878 0.01040833 0.04607046
3 0.25780624 0.12737127 0.01441153 0.05962060
3 0.18454764 0.80352304 0.01361089 0.05691057
3 0.17774219 0.31029810 0.00960769 0.05691057
3 0.19135308 0.24932249 0.00960769 0.03794038
3 0.10848679 0.03794038 0.01040833 0.04336043
3 0.14851882 0.28319783 0.01200961 0.04607046
3 0.03282626 0.05962060 0.01281025 0.05420054
3 0.03522818 0.70325203 0.01281025 0.02981030
