5 0.72736419 0.44190476 0.50905433 0.53714286
5 0.34708249 0.50857143 0.63581489 0.95238095
5 0.88329980 0.50380952 0.18712274 0.39809524
2 0.07243461 0.25142857 0.03018109 0.07238095
3 0.33299799 0.30285714 0.01810865 0.03428571
3 0.22183099 0.10571429 0.01509054 0.02476190
3 0.18058350 0.14571429 0.01307847 0.03238095
4 0.35211268 0.90857143 0.01609658 0.02285714
4 0.76810865 0.38000000 0.01710262 0.04000000
3 0.57142857 0.36095238 0.01207243 0.03238095
1 0.32092555 0.09714286 0.03822938 0.04952381
