5 0.27263581 0.55809524 0.50905433 0.53714286
5 0.65291751 0.49142857 0.63581489 0.95238095
5 0.11670020 0.49619048 0.18712274 0.39809524
2 0.92756539 0.74857143 0.03018109 0.07238095
3 0.66700201 0.69714286 0.01810865 0.03428571
3 0.77816901 0.89428571 0.01509054 0.02476190
3 0.81941650 0.85428571 0.01307847 0.03238095
4 0.64788732 0.09142857 0.01609658 0.02285714
4 0.23189135 0.62000000 0.01710262 0.04000000
3 0.42857143 0.63904762 0.01207243 0.03238095
1 0.67907445 0.90285714 0.03822938 0.04952381
