3 0.81550802 0.05041032 0.03030303 0.01875733
3 0.75490196 0.38393904 0.03386809 0.02227433
3 0.83600713 0.41793669 0.02139037 0.01758499
3 0.48573975 0.35814771 0.02673797 0.01524033
3 0.79679144 0.74267292 0.02852050 0.01758499
3 0.75222816 0.80422040 0.02495544 0.01875733
3 0.60249554 0.74384525 0.02852050 0.01758499
3 0.44741533 0.66060961 0.02495544 0.01758499
3 0.41443850 0.42672919 0.02673797 0.01641266
3 0.44919786 0.45603751 0.03565062 0.02110199
3 0.04367201 0.17936694 0.03030303 0.02344666
3 0.16577540 0.68815944 0.03565062 0.02579132
3 0.38057041 0.89859320 0.01960784 0.01992966
3 0.68627451 0.97069168 0.02852050 0.01875733
3 0.23707665 0.96776084 0.02852050 0.01758499
5 0.51247772 0.47948417 0.87522282 0.88393904
