0 0.88722555 0.59289176 0.12175649 0.17770598
2 0.58483034 0.37883683 0.05189621 0.11147011
2 0.75000000 0.62197092 0.04890220 0.10016155
5 0.51347305 0.48707593 0.97504990 0.94507270
3 0.98602794 0.05008078 0.01796407 0.02907916
4 0.17015968 0.22374798 0.01896208 0.02100162
3 0.12175649 0.85541195 0.01796407 0.02423263
3 0.68612774 0.25363489 0.02095808 0.02584814
3 0.85379242 0.33764136 0.01497006 0.02261712
3 0.74500998 0.87479806 0.01896208 0.02100162
3 0.46706587 0.39337641 0.01197605 0.02423263
3 0.71107784 0.34652666 0.01297405 0.02746365
3 0.62175649 0.77221325 0.01397206 0.02584814
3 0.26696607 0.72859451 0.01497006 0.02261712
