5 0.49833887 0.49650350 0.96124031 0.91958042
3 0.95293466 0.76311189 0.01882614 0.02622378
3 0.40254707 0.97377622 0.01661130 0.02797203
3 0.29734219 0.72202797 0.02104097 0.03146853
3 0.20542636 0.81206294 0.01661130 0.02972028
3 0.75415282 0.14423077 0.01993355 0.03321678
3 0.36489480 0.45367133 0.01661130 0.02622378
3 0.30786268 0.38811189 0.01550388 0.02447552
2 0.91749723 0.51223776 0.10299003 0.09790210
3 0.69878184 0.53059441 0.01771872 0.02272727
3 0.38372093 0.92744755 0.01661130 0.03321678
