5 0.49650350 0.50166113 0.91958042 0.96124031
3 0.76311189 0.04706534 0.02622378 0.01882614
3 0.97377622 0.59745293 0.02797203 0.01661130
3 0.72202797 0.70265781 0.03146853 0.02104097
3 0.81206294 0.79457364 0.02972028 0.01661130
3 0.14423077 0.24584718 0.03321678 0.01993355
3 0.45367133 0.63510520 0.02622378 0.01661130
3 0.38811189 0.69213732 0.02447552 0.01550388
2 0.51223776 0.08250277 0.09790210 0.10299003
3 0.53059441 0.30121816 0.02272727 0.01771872
3 0.92744755 0.61627907 0.03321678 0.01661130
