2 0.40921409 0.04323459 0.09214092 0.04483587
5 0.46341463 0.49199359 0.91598916 0.87990392
3 0.58265583 0.94315452 0.04336043 0.01441153
3 0.71002710 0.85588471 0.03794038 0.01601281
3 0.36178862 0.87149720 0.05149051 0.01361089
3 0.03794038 0.81184948 0.05420054 0.01120897
3 0.50542005 0.70856685 0.06233062 0.01601281
3 0.31707317 0.73738991 0.04878049 0.01281025
3 0.37127371 0.69255404 0.07046070 0.01601281
3 0.37804878 0.61449159 0.04607046 0.01040833
3 0.12737127 0.25780624 0.05962060 0.01441153
3 0.80352304 0.18454764 0.05691057 0.01361089
3 0.31029810 0.17774219 0.05691057 0.00960769
3 0.24932249 0.19135308 0.03794038 0.00960769
3 0.03794038 0.10848679 0.04336043 0.01040833
3 0.28319783 0.14851882 0.04607046 0.01200961
3 0.05962060 0.03282626 0.05420054 0.01281025
3 0.70325203 0.03522818 0.02981030 0.01281025
