5 0.55809524 0.72736419 0.53714286 0.50905433
5 0.49142857 0.34708249 0.95238095 0.63581489
5 0.49619048 0.88329980 0.39809524 0.18712274
2 0.74857143 0.07243461 0.07238095 0.03018109
3 0.69714286 0.33299799 0.03428571 0.01810865
3 0.89428571 0.22183099 0.02476190 0.01509054
3 0.85428571 0.18058350 0.03238095 0.01307847
4 0.09142857 0.35211268 0.02285714 0.01609658
4 0.62000000 0.76810865 0.04000000 0.01710262
3 0.63904762 0.57142857 0.03238095 0.01207243
1 0.90285714 0.32092555 0.04952381 0.03822938
