1 0.15427509 0.52741636 0.25650558 0.12174721
5 0.62732342 0.49721190 0.70817844 0.98698885
3 0.06784387 0.95167286 0.03159851 0.01301115
3 0.56598513 0.93262082 0.03531599 0.01022305
3 0.65148699 0.95492565 0.02044610 0.01022305
3 0.12546468 0.59665428 0.02788104 0.01486989
3 0.22304833 0.63568773 0.03345725 0.01115242
3 0.04089219 0.43169145 0.03717472 0.01208178
3 0.21282528 0.08828996 0.03531599 0.01858736
3 0.04182156 0.21514870 0.03159851 0.02137546
3 0.06691450 0.06273234 0.02973978 0.01022305
4 0.66542751 0.18494424 0.04089219 0.01858736
3 0.89869888 0.77184015 0.03159851 0.01765799
3 0.60687732 0.73327138 0.04646840 0.01486989
3 0.11802974 0.97397770 0.03159851 0.01672862
3 0.74814126 0.14591078 0.03159851 0.01672862
3 0.82434944 0.12081784 0.04275093 0.01115242
3 0.70353160 0.27369888 0.03159851 0.01208178
3 0.24814126 0.92657993 0.03159851 0.01672862
3 0.42657993 0.98141264 0.03531599 0.01486989
