0 0.59289176 0.88722555 0.17770598 0.12175649
2 0.37883683 0.58483034 0.11147011 0.05189621
2 0.62197092 0.75000000 0.10016155 0.04890220
5 0.48707593 0.51347305 0.94507270 0.97504990
3 0.05008078 0.98602794 0.02907916 0.01796407
4 0.22374798 0.17015968 0.02100162 0.01896208
3 0.85541195 0.12175649 0.02423263 0.01796407
3 0.25363489 0.68612774 0.02584814 0.02095808
3 0.33764136 0.85379242 0.02261712 0.01497006
3 0.87479806 0.74500998 0.02100162 0.01896208
3 0.39337641 0.46706587 0.02423263 0.01197605
3 0.34652666 0.71107784 0.02746365 0.01297405
3 0.77221325 0.62175649 0.02584814 0.01397206
3 0.72859451 0.26696607 0.02261712 0.01497006
