3 0.05041032 0.81550802 0.01875733 0.03030303
3 0.38393904 0.75490196 0.02227433 0.03386809
3 0.41793669 0.83600713 0.01758499 0.02139037
3 0.35814771 0.48573975 0.01524033 0.02673797
3 0.74267292 0.79679144 0.01758499 0.02852050
3 0.80422040 0.75222816 0.01875733 0.02495544
3 0.74384525 0.60249554 0.01758499 0.02852050
3 0.66060961 0.44741533 0.01758499 0.02495544
3 0.42672919 0.41443850 0.01641266 0.02673797
3 0.45603751 0.44919786 0.02110199 0.03565062
3 0.17936694 0.04367201 0.02344666 0.03030303
3 0.68815944 0.16577540 0.02579132 0.03565062
3 0.89859320 0.38057041 0.01992966 0.01960784
3 0.97069168 0.68627451 0.01875733 0.02852050
3 0.96776084 0.23707665 0.01758499 0.02852050
5 0.47948417 0.51247772 0.88393904 0.87522282
