5 0.50166113 0.49650350 0.96124031 0.91958042
3 0.04706534 0.76311189 0.01882614 0.02622378
3 0.59745293 0.97377622 0.01661130 0.02797203
3 0.70265781 0.72202797 0.02104097 0.03146853
3 0.79457364 0.81206294 0.01661130 0.02972028
3 0.24584718 0.14423077 0.01993355 0.03321678
3 0.63510520 0.45367133 0.01661130 0.02622378
3 0.69213732 0.38811189 0.01550388 0.02447552
2 0.08250277 0.51223776 0.10299003 0.09790210
3 0.30121816 0.53059441 0.01771872 0.02272727
3 0.61627907 0.92744755 0.01661130 0.03321678
