2 0.29731544 0.58106884 0.05503356 0.06250000
2 0.52147651 0.92934783 0.11140940 0.03623188
0 0.78926174 0.85235507 0.10738255 0.07065217
2 0.45167785 0.45289855 0.06845638 0.02173913
4 0.38255034 0.04800725 0.02953020 0.01449275
3 0.28120805 0.97509058 0.01744966 0.01177536
3 0.16912752 0.74682971 0.02147651 0.01902174
3 0.09060403 0.72373188 0.01744966 0.01811594
3 0.31208054 0.73822464 0.02818792 0.01086957
3 0.39597315 0.71875000 0.02416107 0.01177536
3 0.57114094 0.65625000 0.02013423 0.01539855
3 0.52214765 0.67346014 0.01879195 0.01721014
3 0.38926174 0.63360507 0.01879195 0.02083333
3 0.08456376 0.40036232 0.02147651 0.01268116
3 0.10268456 0.52762681 0.01744966 0.01539855
3 0.24899329 0.58106884 0.02013423 0.01177536
3 0.55503356 0.55480072 0.02013423 0.01539855
3 0.40268456 0.28940217 0.02416107 0.01539855
3 0.56778523 0.19384058 0.01879195 0.01630435
5 0.48926174 0.42753623 0.93557047 0.79528986
3 0.73959732 0.53260870 0.02147651 0.01449275
3 0.89060403 0.43478261 0.02550336 0.01268116
3 0.83557047 0.03940217 0.02013423 0.01177536
